1427
99
3594
2255
815
2367
3919
840
3235
3506
514
3161
3135
1398
1442
2853
1306
2319
3072
1090
6
53
278
1120
900
3372
73
71
842
1296
1143
2278
2886
2410
609
2247
867
2249
2360
1275
1305
3820
1601
2346
3484
2067
3692
2806
1704
3009
3522
1649
2945
550
2096
2127
226
3721
2721
177
3831
715
1869
3084
1488
3205
2752
2313
1916
678
2592
3318
886
2649
1715
1088
3579
3324
3657
3040
1703
3278
916
1698
1210
553
3743
2980
229
1749
2878
3883
3025
1223
2562
1421
2104
2095
1247
1769
1541
1127
3221
1655
679
3806
3500
172
1544
2588
3124
3472
3818
3994
1528
2775
3832
468
1467
3350
1711
1570
3044
1767
2344
2609
769
3560
27
2601
1073
2482
1666
178
368
3284
779
3589
824
2160
590
1831
830
3913
378
1112
43
32
2135
2236
1188
3193
1282
2177
2638
3809
784
2014
2787
3893
2773
2376
2222
136
94
2666
3903
1615
1156
3336
3736
2193
1633
3130
1241
306
1650
429
221
3755
1265
3151
3311
207
558
2048
518
93
3929
3550
3045
2424
2028
54
2262
2033
1592
1008
3901
402
2489
2604
1620
2749
13
2431
2675
3132
1211
847
890
2919
1017
3047
1364
1643
2337
3359
597
2464
854
3852
1163
1817
259
823
3332
3110
2800
2512
1158
2640
1350
3429
171
3626
2080
2700
557
1137
1036
1239
2323
2006
3024
2792
349
1880
538
143
2719
855
931
3738
1669
2212
3867
3948
3348
1634
247
1945
3469
3505
707
1227
1751
1182
814
185
1707
2935
1183
1438
913
2226
2882
74
2363
2532
1744
440
3016
3375
3168
3518
1069
3737
2772
2644
1313
2946
832
1482
3530
1948
3676
2403
2528
2848
3382
4000
1466
2463
2543
3100
2296
3583
1471
2046
3749
1545
2016
3776
2994
365
2436
166
3724
3842
2462
1344
2691
1900
522
3717
614
2733
1965
3714
3944
1321
2392
2554
2118
2246
1437
3213
84
2041
796
2623
507
3826
498
3990
3079
1805
1597
1695
1607
693
2696
102
1122
320
2078
3816
1750
2031
1847
1827
3695
3223
2261
326
2153
3362
366
1041
1651
2483
3839
1339
1474
379
1077
3214
353
211
357
2524
1025
122
1099
309
1676
106
1436
393
3422
2964
1552
449
569
1879
3856
1057
996
2628
321
2888
3160
1483
3571
3411
474
148
2707
976
3999
3153
1862
101
1448
184
361
3326
2577
2714
1084
161
1194
1391
3139
441
1164
56
860
2917
202
1202
1481
46
888
275
3576
2173
2299
1302
3091
2822
2556
103
3083
2622
1338
1516
1271
2799
2124
1947
2257
698
3351
179
3118
1988
848
2155
3779
2907
3295
2947
555
3101
3840
2633
2271
2743
1875
109
536
3098
2664
135
219
487
3222
2331
2461
1128
2150
295
2949
3476
3707
3286
1380
1981
2077
2287
2209
2659
1493
1778
3082
1034
206
3927
977
3731
1358
1222
2703
2552
1793
1327
1141
235
2473
2310
3192
2955
3595
2914
2625
2407
724
1723
834
463
828
464
3166
1264
1756
580
297
2715
1021
684
954
173
3190
3719
2074
1463
2004
2710
3462
1168
2992
3162
3524
1776
2180
1425
1276
1564
2876
240
2250
92
1196
3061
2008
1736
1979
1968
3573
262
1585
612
1373
2061
1170
743
987
1798
3441
3723
1175
1105
77
1191
2944
2372
481
579
3131
2434
3448
1797
722
531
1470
119
3393
868
2936
2060
2404
244
989
859
3542
3386
1665
1661
2428
1113
630
2444
2843
2417
2266
3963
241
232
289
2432
2611
2757
756
3182
2001
356
564
3283
1503
2856
3073
3829
2500
2456
1932
1920
447
3071
2317
3394
3529
2620
3309
964
2119
2753
2541
727
2621
3169
3004
3834
3396
3622
318
1386
566
671
2368
381
1931
2106
1111
1382
15
19
3163
672
2674
1343
3250
1692
3112
1229
3383
575
3969
2915
2352
1059
3608
2206
3010
169
1369
513
2618
2795
2586
1915
2776
2239
2137
3068
3405
1375
2791
526
3875
298
52
1477
3142
3982
2831
3869
1286
624
589
665
1406
3980
3671
649
1914
865
3327
962
856
2378
3718
759
635
950
72
3661
141
1392
2455
3800
2260
1873
3767
1527
128
2311
3601
1475
788
3669
1151
785
2904
2704
334
1179
2836
1533
1279
594
611
3246
2488
1456
577
2387
1093
2863
3910
3942
3701
891
231
3822
1766
2140
2685
2786
576
1830
2883
1816
701
2718
1763
1708
3528
83
1885
2802
2961
1960
3365
543
1690
2132
205
2353
2210
261
3092
49
2596
2248
2785
1565
3240
1142
3941
2400
2763
2176
370
3210
3953
1843
1451
3859
608
151
2442
426
1962
3258
2228
1728
2579
2097
222
3557
2823
3285
3756
3028
853
626
410
1347
949
627
243
3947
1085
3363
170
1802
2897
3715
3329
2668
107
2545
3176
2557
2380
200
885
2788
1640
3674
1459
419
2441
1098
3920
2049
914
1465
2169
3006
1680
3245
3880
533
2630
1791
1813
3234
2891
2847
2333
2688
1748
3758
2394
3194
115
2234
915
2764
646
477
571
3366
3512
1584
3725
1626
653
1206
2505
994
1514
795
1418
3543
2492
2968
3319
1926
1314
2807
2880
971
3598
2231
2277
268
2768
249
2683
2020
1414
3134
2457
591
2105
2168
2220
97
2614
2864
2229
1863
3682
586
703
3154
3562
2256
2593
392
3225
3474
3765
1385
2902
187
416
1468
277
851
3280
1990
191
757
411
2845
1145
3287
2304
3854
599
2662
3610
1390
428
3553
3012
2801
733
3538
3107
829
2069
3407
2669
725
2499
2178
3655
3206
1910
2851
1907
26
528
2725
2943
2340
2762
1823
2809
475
2458
2406
2932
3217
3403
2328
1074
572
516
2709
3987
2426
3075
2130
1888
60
659
3305
669
1363
330
2989
687
292
1440
1044
3986
2474
1762
1219
3850
956
648
2993
870
3730
341
1161
3008
1238
1124
359
1642
2189
3935
3727
955
3360
2116
839
3886
3544
2294
2999
2036
1024
3760
3473
2402
943
3395
2956
1244
3821
1558
808
1714
3616
745
3974
263
3795
2724
982
3241
3387
1089
1033
3565
1616
2099
1987
1505
3063
1138
1371
889
2289
16
2089
418
667
2511
2896
1082
328
2430
2399
1821
394
1577
556
1010
1307
45
372
2686
729
3813
1131
31
621
1735
967
2114
1367
1270
89
3967
1930
908
436
3022
1324
3703
1056
1045
1671
2157
3666
1539
412
3646
2996
1038
1146
390
606
2207
2948
3085
3600
3368
1103
3709
480
1870
3060
3808
3575
3639
3299
2779
1891
2377
3371
3341
3215
2906
1121
1781
1100
2225
508
1308
1617
2629
2690
2974
1537
2670
2112
1037
2
595
2794
1858
2203
912
1417
801
2186
1012
3420
2145
1662
3781
2243
1854
2597
377
279
3266
3745
3263
2197
217
530
2251
1866
3539
2030
396
1815
2738
1685
2072
2237
1365
3640
1559
705
2200
537
111
548
1087
3410
3057
899
2564
3256
2871
760
427
1777
3688
95
2782
3951
790
266
3588
3950
2479
82
1851
927
1053
2327
2716
1147
2676
369
3268
2634
154
2088
2386
3480
1000
923
2939
3868
1978
2216
3495
2164
492
1614
3463
39
3784
3798
1049
3668
3830
271
1283
2361
2846
386
3138
1334
2113
1356
749
568
2284
2325
2887
1218
857
3957
473
3186
1169
3212
2967
3811
497
3949
3502
542
1472
878
1478
2175
1337
3652
1865
3409
2170
3030
2517
3369
2465
1492
437
1628
1850
1568
1507
2339
1075
1281
3591
2646
2661
3660
3146
1982
2746
2699
2911
1710
1878
2315
1212
123
2995
866
2263
3064
1091
290
3119
1180
3641
2627
984
3864
574
511
797
771
3787
2467
2326
3537
2174
1094
3399
2533
2254
2009
681
2421
2534
786
2612
2412
3356
1139
1240
3708
918
3924
3438
774
2769
2893
3648
3679
896
1867
1629
3960
3555
1572
3921
1804
3337
1953
2515
787
2309
559
313
3796
1252
3772
3449
1430
3086
3607
3993
2232
2252
1498
2934
403
2513
2966
3496
3317
935
3793
2616
1117
2653
1378
1700
116
1610
316
1943
1277
1646
3846
2348
3895
3019
3037
1055
37
3315
3257
3355
2988
1768
719
2306
2065
3404
2381
2347
2379
3535
3561
2273
3259
988
1377
1903
3865
991
3514
2998
2148
1826
415
443
212
754
969
1118
3424
2973
2575
2131
3308
1054
2804
2335
126
3961
3464
1581
1737
3636
1509
3335
3943
2608
909
3475
1645
2506
2055
1011
2925
2416
721
2475
3346
812
2615
1231
245
3471
3877
3316
2632
938
3109
820
2136
920
874
398
3196
2418
1833
2642
1546
1956
3890
1007
2872
2780
1335
2940
324
2975
1177
2224
3033
3353
811
3478
3423
1043
1097
2560
1494
1790
652
3220
2050
3330
1469
265
1405
1278
3492
2930
2643
500
1027
2680
562
1761
1839
3766
50
2167
1899
2143
2677
457
685
1927
311
3
3344
1538
3453
438
1838
3713
145
656
3339
3431
462
3005
2208
3164
573
3498
2574
2083
1439
902
3035
1672
317
3203
666
2530
2990
704
3534
2741
2798
98
3876
2445
3870
3211
2838
2279
1476
3566
2389
3925
1543
358
750
1579
2308
1575
2610
3181
2324
1443
3289
3603
1980
3026
3686
2976
2102
3680
2854
3936
709
1701
417
3173
809
585
2472
