2825
1358
3227
2892
2954
1376
1366
3595
741
742
2980
1389
3621
1896
2519
3195
2458
1361
110
2202
628
3479
3783
2561
540
2706
399
2982
1101
897
1264
1836
3505
2155
2400
1447
2664
722
1111
1857
3890
2408
447
786
2789
2478
2734
2283
2255
3748
3630
2498
3776
1916
3301
571
3529
2793
130
352
3886
55
2419
3608
2335
189
3900
3518
3920
134
1148
3231
2851
3707
661
3197
3962
1057
3201
201
2188
3791
3000
760
1100
3553
168
3723
229
1084
3625
392
2564
1145
873
2350
3278
734
1783
223
611
1131
2775
1217
889
3024
2612
3159
2461
1839
1968
2453
2356
519
1432
511
990
96
1575
1056
2779
1455
553
1152
1881
1472
1761
3071
3132
537
2657
1997
1962
1602
1450
1529
893
181
1273
2048
289
2064
195
2777
504
2145
1592
2873
591
2325
3599
1606
3533
471
2757
3360
894
789
310
3330
1437
326
2115
700
2610
1988
1637
2911
3715
2418
1093
3266
714
1950
531
2159
1990
3668
1980
901
3422
2545
2839
1017
2990
2409
3905
3119
3750
230
2824
2206
1888
1536
2733
407
3806
3778
2004
3549
3452
2010
933
3901
3728
2590
489
3863
2969
452
977
1961
2341
579
1363
1195
3045
2172
599
3061
785
1560
3064
2807
1476
2936
3406
3165
2888
1320
1798
1113
2006
117
2540
67
1288
1115
1952
556
1778
2449
3001
3700
2803
3926
633
1193
493
3376
2885
2100
999
507
911
21
851
572
3460
3635
1336
2810
1200
2976
1156
3080
3147
3916
3705
2624
2768
1110
3157
2648
2921
349
3198
2504
604
2047
662
3272
2252
2142
3495
3942
3103
1714
2570
2991
2081
3054
290
2652
2248
3908
2674
3872
918
3294
2293
3216
3619
601
82
2949
3073
2563
2875
2962
2782
3396
1053
3564
2014
1256
3464
257
1405
612
94
754
302
108
483
940
1910
2403
910
3559
993
1514
2340
1445
2026
1106
2945
2742
3181
2161
673
1905
3434
961
3282
2383
678
3329
3358
3682
411
2411
499
1242
3189
3367
1721
804
3467
1375
3666
210
1325
2337
454
2642
480
468
1428
629
2796
1324
1537
314
58
3832
992
200
122
1995
2720
320
1889
1758
1646
3543
273
1823
27
1625
2533
2207
2369
342
1590
1339
1443
1018
17
2450
