2299
282
586
873
237
1528
182
3777
2772
44
3949
1991
3142
1601
3336
2645
3507
2239
1448
3988
3396
3398
1233
3426
207
3006
628
3366
3016
1333
393
2243
1049
3679
2307
1952
2882
780
1403
638
3905
434
3623
2804
934
2886
324
3253
1231
3528
770
1821
1691
2521
2337
800
3540
3299
2565
3882
746
898
2974
902
2528
1289
1780
3976
685
466
1099
156
1139
354
3075
2795
935
2902
1015
1461
3994
2341
86
1556
3786
3411
1722
1678
552
3065
569
939
3206
1346
476
3276
439
3536
2172
1941
546
3013
3425
3832
2472
704
2724
514
148
2977
1157
891
1282
3011
1673
1728
1343
3690
362
2405
1083
2717
180
1795
1517
1117
2940
943
2656
2524
869
3509
3442
3725
2185
175
106
3121
1793
668
3327
998
123
1670
3838
2316
536
3264
3071
1732
3212
3576
3895
1791
2505
648
1949
1798
665
2108
1865
3543
3354
3619
1922
1005
2696
275
3887
3720
2935
160
924
2730
1610
916
2426
443
1213
2942
2257
3234
3297
2366
489
380
2791
2662
837
264
1969
3343
181
812
2763
2311
2554
1194
2644
3119
454
881
475
730
3273
441
1919
1047
608
1022
822
3628
784
2332
2989
17
762
946
2254
3023
2925
1942
3490
2447
1217
2949
3937
2377
3756
562
46
3673
3656
1038
1011
3979
3190
3268
814
3152
1444
3566
3319
2502
890
1934
801
3463
3163
848
3404
616
3600
760
1810
3213
1104
3399
1098
887
574
3209
315
2745
1521
969
1717
261
3681
3966
494
246
1709
2559
3410
3878
1545
1796
2051
2679
3320
415
2788
900
2465
2812
1496
2570
2425
3859
3572
2005
309
1090
3568
3982
3666
657
950
2135
2716
671
3817
1575
3439
3822
2926
1864
3067
3557
352
444
3774
3391
500
3160
2939
2277
157
1238
3879
3144
1683
2754
908
2725
2855
95
1313
1321
2523
2247
1065
531
2349
2766
2850
643
327
2068
1318
62
1692
1149
3349
2931
1675
2751
2133
2777
2553
2344
1156
1950
176
2853
1405
3323
3265
2979
1546
932
2448
1751
3739
1970
1016
2431
1284
2153
2217
3703
3225
2671
2261
1471
387
2982
2039
1541
3563
2358
699
3893
3773
1339
3954
2407
1917
1138
30
2789
1802
1840
2667
2774
336
2196
474
1432
2749
1947
1111
2669
3959
25
1039
541
1511
1688
1878
1193
1543
1040
3518
2652
3438
501
3309
1574
3980
2576
1733
2074
999
1020
1628
117
904
758
469
1516
486
1087
2778
1758
1285
3050
58
3891
1921
905
2895
388
145
3208
2530
3680
3059
3393
1152
1425
1988
2
2862
169
3713
2971
504
736
3486
832
3186
2248
1160
1785
1291
1223
308
2658
3795
1873
3405
1898
2408
2776
465
2025
1317
3178
403
3575
1252
3723
2513
455
470
1911
1524
2825
1320
3515
2607
3448
2887
4000
3499
1220
2330
361
1052
1328
2906
201
464
287
808
2044
2283
1209
811
1820
2439
2648
1571
1348
2497
3282
2428
1236
3117
3471
368
2268
2899
723
1129
2035
738
3599
1831
1059
2936
3538
1043
3909
2759
1057
1501
499
1536
1650
1323
1504
528
3271
3711
771
2131
1142
2539
16
506
940
1951
3812
1720
1192
612
3810
659
2294
342
485
3996
3699
274
3311
2110
429
3389
3885
2780
1370
3157
3745
184
2490
1592
1384
2688
3156
1196
3541
3096
2676
2373
83
2043
3649
1410
560
753
373
2670
2323
1987
884
819
3473
3046
3332
389
1398
3241
3261
913
3868
10
94
1262
2525
1882
1861
1044
2932
3544
3308
1897
3783
2413
1234
3472
1093
188
1530
122
2903
1644
1204
1606
3831
3358
1340
3292
2117
3899
2659
2315
3582
1076
2367
1218
218
1240
3957
1191
1679
558
268
2596
2994
3020
930
3613
1084
3496
2343
206
1165
3077
3505
2568
3734
1627
2638
3968
618
575
2309
2987
1603
331
1447
3493
1843
3646
603
911
3865
93
1548
724
2786
3093
1408
239
162
2548
3369
3189
2360
2308
2036
2138
1242
3462
1029
3840
1185
3735
545
3424
493
1295
864
788
2564
1355
477
1956
2515
192
3932
2240
3134
1605
3286
35
482
3760
3073
3252
1349
2060
2702
741
2946
3120
3892
609
3802
3569
3605
3154
3862
100
7
1561
199
406
1740
3470
3476
3906
515
3231
85
225
259
1966
372
1215
2057
2629
2597
3667
3043
1918
1127
3856
2038
103
413
1945
2177
303
2378
1502
1390
3250
2067
937
2519
473
2101
2401
1825
1617
3384
2234
2282
272
40
235
3018
3024
3375
1119
2602
3915
2450
2275
3828
3700
2995
448
2896
3193
3525
