544
2964
2779
3217
2841
225
1187
1884
2521
1682
1372
806
266
1266
3738
3071
574
2321
3210
381
1743
3143
2139
1222
2289
1624
514
1859
77
2484
2449
1425
505
1421
3194
9
150
2045
2085
3863
3332
3433
408
1365
1801
59
76
3909
3330
1532
2504
2427
3428
1975
2094
3545
2653
1526
3583
2715
3177
1112
2856
3780
2296
936
820
3606
3925
3547
33
839
738
3537
3031
3595
1569
2780
2844
1211
2522
1043
3750
1376
25
1098
884
2694
1244
644
457
2487
3729
391
3272
2875
2367
2280
3247
3353
819
1660
3381
418
2768
2412
358
2111
240
1342
3723
3426
3293
3156
2027
222
2313
1845
922
1972
1216
1661
1401
537
1481
603
293
856
1307
306
3027
3899
221
1468
1645
1560
2336
1357
1346
2428
3413
1701
1253
248
2826
2119
3671
2995
792
3575
38
3110
3941
3667
3119
250
3064
3907
357
2430
3940
535
3694
2222
2153
3914
407
3189
2771
2528
1001
3648
246
3022
105
2737
2791
3967
1281
1724
1711
2723
3487
1766
414
134
2978
3717
3239
2187
1839
3845
2413
623
3673
3519
1957
1141
3564
2593
3100
2446
2627
152
3172
2457
3121
1259
3446
1151
2473
1436
2698
1551
2838
96
2933
305
2642
3298
634
1176
2325
430
978
394
2017
885
3962
2302
802
1928
2556
3949
3725
2137
2432
1077
61
3917
74
693
1246
245
2379
3993
2619
2467
3977
3766
2631
3339
1351
2799
3529
1699
1750
3781
3132
2362
1145
1405
3300
991
1180
1111
32
2453
1072
2718
610
2858
2792
2697
2506
3139
3651
911
982
2855
2145
1239
3112
3730
3186
548
2182
2186
2644
3645
2293
1847
3463
1931
1938
2811
2212
2374
589
2224
2275
252
1672
2553
2266
816
3685
564
773
2596
677
3075
3004
863
3878
3641
3422
1396
2767
3285
1056
522
824
444
1942
3437
695
2188
2679
3493
55
3245
3515
1404
2340
1764
189
1051
3981
2102
1981
2236
2332
111
3754
657
3475
2994
2830
3777
1202
3953
585
1930
2533
3865
2613
1261
1808
1576
3538
1523
2689
1693
2116
454
2675
527
3733
65
377
3017
2868
507
1768
493
3427
915
896
1004
649
881
347
1116
235
771
3115
188
755
1769
1409
3328
3818
744
199
3690
172
3135
533
3081
2614
422
781
2968
2330
2814
815
3107
388
1460
2600
1272
3435
3044
1826
3600
2388
3569
1666
338
3312
813
572
2074
1678
1691
917
1874
1022
3888
3442
1478
2120
916
195
2845
3060
3228
102
826
2079
3815
3181
1355
1287
2404
3207
961
3736
2108
2485
215
3697
1104
397
1002
2705
3003
2860
3500
3800
160
1728
3749
2242
985
3944
1535
3415
2673
3879
986
1149
1245
1528
1737
2478
1916
364
1338
3960
19
1268
3043
1681
3222
2287
3893
436
2411
1230
3601
914
2333
2439
949
2180
2350
3666
3617
2143
1032
3468
3311
2658
2300
2477
3276
3379
3632
1512
2638
1093
218
3735
3559
1356
2609
3534
2199
2878
1561
741
730
1529
1679
1895
617
2259
1434
2938
2959
1040
838
3057
596
625
2415
405
953
3921
1873
542
298
2801
921
3200
1046
3363
1416
312
3491
50
3509
2295
875
3326
3273
21
1324
872
1408
2493
230
3510
3686
621
3357
186
2050
3886
389
3470
2339
2597
752
3621
2712
614
2401
803
2828
2135
1878
3368
562
938
3784
3389
1154
758
2736
729
2177
659
1150
2646
223
2788
1888
3851
555
109
2166
2985
2320
504
2191
3751
3036
1730
1320
3743
480
3019
1890
2055
2305
3117
236
2189
3942
3323
992
1589
717
2375
2922
392
2381
3219
1000
1736
127
516
840
1038
3695
3090
2616
2589
2399
264
1580
1600
2162
3318
2955
3548
3122
2490
2952
1647
3580
626
1417
1228
772
971
3166
2796
2129
3168
2075
1089
2298
1786
2265
3063
1269
1510
228
1247
1790
2198
2836
465
636
3971
767
1406
1797
3624
2398
1758
1258
3945
1574
1073
1939
1374
2576
1708
1005
162
1271
2729
3906
2071
3369
2784
2091
906
371
3490
1467
192
2900
2947
2216
1827
2458
2444
3141
2975
1223
34
2290
998
3171
3524
1778
647
1613
1395
3552
2580
1333
2072
3236
553
1041
2062
2531
1083
3069
1662
202
2681
1454
761
3835
2223
3284
1199
1420
3684
1465
700
2984
332
1373
586
718
2794
2127
2611
1815
3880
3359
2840
3174
3474
2745
2676
482
1397
2495
1378
2904
190
251
3341
24
901
2392
2539
3104
1663
3489
2618
1298
1901
1455
352
112
88
3703
2594
3546
35
3631
446
1340
3594
2103
2977
2940
963
3033
1193
1860
2854
136
1667
3935
1225
629
3838
1632
2851
3531
2431
1394
2515
80
2337
2559
1313
3625
2549
2328
2237
1998
3286
2002
3739
336
1720
1412
2031
869
2029
698
2786
3913
2870
3158
3954
876
3098
3830
549
165
1100
2389
2083
2990
719
924
632
3912
2056
3242
2150
3975
970
1618
2078
1064
2578
2024
2544
3527
2834
977
2643
2393
2570
2979
1368
1568
87
704
255
517
3910
3251
1168
2123
3571
652
71
858
1348
1144
2334
268
3073
3229
1909
1726
672
2802
670
3593
2040
1214
1007
2417
120
2146
2700
796
2383
3059
2651
2352
142
3714
3884
2901
2463
1379
645
1248
3497
1152
1923
3881
661
2281
1491
353
3444
2686
2364
81
1610
3688
2513
3049
2797
404
2291
2682
2881
11
2010
2329
3587
1616
855
2353
841
3576
2157
304
2081
129
324
1276
275
210
1547
1941
1366
1868
2041
3153
2563
2812
297
3791
1710
988
64
2734
3963
3811
1184
39
927
1165
3041
3352
3692
1380
2497
452
2331
1794
2837
322
2852
2060
170
3964
1869
2461
3922
1745
2064
1224
1345
666
1232
1853
433
204
1753
1495
787
942
399
101
789
3157
769
89
2636
2100
1858
640
1924
135
1787
3861
1651
29
898
1671
2966
1577
851
207
3989
2652
3240
3376
2924
18
552
488
3336
710
2829
380
2255
1584
3296
2049
1795
1653
2020
2454
103
2579
1582
2897
200
929
538
3607
2292
78
556
1295
1906
2066
3356
3097
3629
3952
2170
3197
2704
606
15
2014
3248
1391
206
1003
17
1517
1829
980
3763
1138
1948
3417
3836
363
923
3016
3530
3740
2200
310
2721
3309
2276
594
3948
1131
2778
3408
3793
2466
1970
2377
3114
1804
604
2440
455
1876
2104
3271
801
3108
1336
1744
1541
2248
219
2795
1263
259
1893
788
1061
613
810
2601
968
2451
1943
1183
502
1746
2335
1861
3706
1935
3454
3801
473
3992
800
3596
1217
3816
2397
834
1023
571
576
2720
3125
426
2759
3567
2369
8
1570
1047
1573
1250
367
43
887
3974
2893
932
1451
697
2548
3260
2118
1885
793
3946
3995
3901
2649
277
420
263
2714
3289
3665
827
2655
3806
3635
1159
1703
1677
2158
158
1725
2666
2089
217
2730
2574
2360
3872
2450
1030
2749
1747
249
1473
2205
3067
737
2151
1904
3138
3403
124
2220
3327
3608
748
460
3227
2554
3375
2957
1452
1602
3833
284
3343
3483
1620
2297
1337
3355
3002
241
2165
2708
2438
954
3976
3042
3506
2986
1803
384
3267
2132
1540
3099
1843
153
309
355
411
490
1836
1352
3551
2402
139
3087
374
3382
3378
1962
883
624
2443
1558
861
1265
2271
1389
972
1729
3434
459
295
3603
2809
1139
282
1423
292
3765
69
2610
1887
2380
385
1130
2810
1817
1673
692
1166
3120
1164
2683
724
2482
1965
1900
3927
1932
2273
3987
1813
3916
3452
2234
1085
2991
1242
1714
1430
2468
1656
1922
727
2309
3747
368
1171
3130
3241
3095
3760
2595
622
2753
2530
2540
1399
2095
823
2456
1240
784
1388
3005
628
878
3623
928
3991
239
2835
231
3386
2105
3802
2231
346
795
1087
2781
1286
85
350
3542
1702
3007
211
1668
1824
262
2067
3262
294
3842
842
1918
2967
495
302
966
2025
3902
817
182
1270
1825
3447
3889
1533
1463
2169
2516
2770
2007
201
2351
1715
3337
3832
3213
171
1719
560
2005
477
2226
1492
2112
344
1963
2232
3728
2760
2128
2650
180
2462
2208
2740
3852
483
1334
3961
1471
2101
3726
1488
3590
1012
1163
205
3846
3814
6
3951
14
3226
2269
2141
2907
279
1531
964
157
2806
1155
1552
3900
3346
3291
1094
2144
3299
3612
3167
958
902
2824
1314
947
3919
3136
860
386
1445
1429
3696
3351
3680
143
2039
3789
1979
935
3345
1721
1208
2577
3566
1889
3443
3563
3904
1706
442
107
651
2999
2896
500
889
3803
688
3065
1982
2789
1712
1921
1081
1195
3190
2620
904
513
2869
1438
994
3162
1462
3395
1353
2590
56
2063
261
1433
1361
1892
749
456
1837
2970
1583
3164
1968
2514
2408
3843
1136
2928
1014
1832
1980
2361
1037
1076
1757
957
3471
511
3025
2359
345
1086
3634
2716
3868
1877
619
2608
2475
3169
1106
1326
981
3163
3054
497
3212
2581
3432
3445
1497
10
1539
1182
3853
194
2376
224
1475
3957
3252
486
3966
1309
3994
3377
2762
90
3630
100
3147
2863
1742
1034
1299
2761
1302
720
3055
1483
3768
3401
1782
2197
740
37
1115
794
3155
463
1197
1435
1069
323
2874
1277
1424
2733
341
3392
439
668
699
1886
675
1538
2051
2536
2422
472
3827
2225
146
3691
3979
2717
1550
1586
967
1212
2657
3257
1907
2059
285
2003
3650
197
3823
184
3092
2124
754
2599
2142
3928
1431
58
485
1650
707
3737
1534
2774
2905
2459
3813
3058
2605
3118
3421
3956
1066
601
2097
461
378
926
3854
1092
950
1875
1637
879
891
2551
141
3170
3126
3867
75
316
3372
3856
478
2324
979
2161
3038
1327
903
2395
2254
3134
2058
3472
398
2015
3894
3820
1381
1329
3295
1476
429
2445
1575
118
2983
2766
2013
3012
2684
2688
1021
995
163
1991
3850
1318
2711
2210
3517
1099
3885
3839
3315
2963
1031
2803
641
1612
3797
1055
2053
3342
3127
521
1009
811
726
1297
2566
1549
3742
2661
2773
1992
786
3089
864
1760
2981
1698
2218
2358
128
1799
3208
3070
1390
1770
2831
3259
633
1988
1644
870
1993
1418
1119
1371
1592
3244
541
3502
3610
1864
1643
3592
122
1945
739
1761
1749
168
2954
1243
2285
3938
1954
1849
940
3182
423
2656
1349
487
114
2772
946
3604
1919
3410
1059
3116
2227
79
229
1717
2706
3393
2414
470
712
1386
2348
2668
512
2624
2965
2783
723
1226
2011
3862
474
2036
1785
3586
2396
559
2713
2632
1951
3407
1810
3807
1686
575
630
3844
3287
3255
2068
543
328
2800
1088
1502
22
3513
1622
1914
3383
1977
2429
3148
3000
2916
325
2034
319
1472
2299
2447
3131
417
2016
3492
1278
2763
2263
267
1169
60
437
637
1625
1122
1148
546
3423
98
2819
2416
3405
3010
843
3869
3203
3659
2535
1525
337
2895
3129
2148
1599
3812
3173
1777
3319
1206
2575
498
2252
273
1881
321
1053
2635
3643
1410
1676
3805
2821
520
3505
3968
1591
2009
3269
233
3837
52
1508
3406
2738
2971
2948
1347
598
2501
2982
2696
962
682
3144
1841
2308
1308
1158
2405
2201
1985
2588
2707
2945
1484
3314
1257
3371
265
525
2741
638
2070
3783
1322
3361
1132
1140
3769
1387
2436
612
3198
1097
683
782
3824
1581
441
1649
3589
2372
708
3412
3689
3722
3384
3687
3185
1108
303
663
550
1685
3776
3455
1964
1556
212
768
2483
48
3451
1070
3618
1500
2996
1437
3292
582
1499
790
3664
1705
895
1830
1362
434
3367
1783
1958
1631
359
654
1360
3398
2057
2703
2941
503
1791
3424
918
2087
2839
1627
123
3034
3094
3256
2423
3014
2943
406
1555
702
3874
1474
1311
506
835
540
1200
2817
3425
1010
3040
1851
1461
2691
2567
1194
1806
258
3077
178
3
2750
2505
836
2520
3507
1385
2527
3936
1819
669
3933
944
1670
155
3068
3358
2607
1519
1603
1732
931
868
2076
320
2410
3597
2147
1657
1282
1516
742
1377
2274
1598
1987
2917
3786
2885
1683
3263
1898
370
409
534
3905
2080
681
753
1107
2154
3467
1697
655
3106
287
1078
3675
1422
1487
1013
2502
1734
3720
1564
2894
213
3001
1652
3674
925
1415
3926
3724
568
715
3046
1664
1033
415
1915
1344
1328
2542
2949
2640
2842
847
2240
3821
3930
3896
615
2710
656
3011
2547
2754
2503
191
2400
3539
1485
2044
3302
2043
590
3462
1101
145
3280
1718
1493
3677
1050
2048
3160
2175
1565
3333
2230
484
47
2130
1572
3307
3196
2122
3669
1856
3006
400
2727
2866
271
2582
140
905
2385
3051
3214
849
812
635
611
778
3640
2286
3646
1466
530
3211
2915
117
2654
581
1588
3466
1218
1973
2465
2407
2782
1872
2391
331
2256
1479
1781
203
421
1275
317
1704
1375
2864
424
3224
941
3149
2602
809
1692
913
1765
2261
329
3528
1172
3875
1011
2926
1449
1109
3637
804
2677
68
2114
3817
664
565
416
2921
783
1501
3215
2564
1831
764
1442
3988
1317
396
1812
1891
3152
1332
3394
3436
3762
3195
3514
3192
2960
3822
3611
4
403
1867
2752
667
3494
1897
3039
2920
3518
2494
1364
2356
2861
354
1911
2028
2163
1414
1604
965
1413
2908
2084
1608
2365
3420
2882
2946
685
2425
1190
1767
1659
3619
3681
183
990
3232
2572
3858
785
3082
1727
2000
1735
1102
247
2496
865
608
2244
2203
425
1688
508
1198
3986
588
3498
900
2195
2617
893
1545
3573
2092
650
2204
711
3804
1910
1209
1135
2406
689
3113
2184
757
1280
1912
2573
2877
3672
3764
751
3873
3915
2936
909
234
334
3015
2343
545
2765
948
1403
705
531
3891
3582
1095
2421
1456
3347
1400
1559
892
3787
326
765
1181
2219
1716
1238
161
1126
3757
2373
2510
1125
1905
2283
3430
3344
1167
2349
2164
3712
3102
3929
458
2669
1262
983
579
3458
3770
605
1079
3931
3978
620
1641
0
3693
2019
28
1789
3178
3450
196
591
2093
3233
2245
2086
1323
209
2152
3321
2134
3649
756
2888
814
1008
489
1925
3655
1305
2115
272
1459
3520
3388
1407
2953
2815
1249
2202
2757
1597
807
2604
1527
2319
1432
2185
2355
2615
1805
3609
1949
3088
366
3998
2785
1566
2499
2370
1615
1619
1439
1775
3779
1816
2846
2690
3243
3950
3708
3050
1863
1763
3871
2113
653
2386
1537
3588
3535
3959
857
2847
2033
2318
167
2728
1370
3825
850
2214
2488
1179
1596
3250
3965
3048
933
3105
187
1748
351
2435
709
797
2193
1221
2622
3187
3225
2816
1961
339
2341
3429
3753
1090
2923
1834
2046
3237
774
256
1809
852
467
2659
1110
1477
3599
3253
3767
3268
1751
3897
3982
2692
149
899
1029
2455
2023
2912
3663
735
1626
3283
2233
3335
3984
1054
2260
1996
3682
2167
2470
314
3748
1655
1301
1482
1
270
492
3521
2670
3397
713
1870
125
1315
515
1798
26
1189
164
2304
41
1444
30
2914
466
2241
3745
3360
3373
580
2798
2898
956
3701
1504
3602
609
1999
1133
3030
390
276
1780
1123
383
627
2889
3249
299
2880
3756
3205
1215
2481
2660
1654
3052
3008
289
3834
3614
62
1367
833
3849
1443
1203
1264
1543
1722
2974
2047
2693
3480
1639
2327
2098
509
269
1796
3109
1074
805
2827
3456
3180
1846
1494
159
1019
524
372
1773
3778
3469
867
1638
3795
999
2138
1489
1542
2294
3084
776
907
3145
1879
1363
2571
1142
660
2322
176
1723
3958
3574
3970
939
2284
144
3775
3585
2722
3741
2935
3848
3151
3887
2680
3175
777
1571
2560
3810
3072
3819
3021
2587
177
1800
1354
2583
13
3702
2306
1995
2942
2989
3128
959
1623
1173
2687
315
2822
3572
499
2586
1857
2006
3847
2543
2
760
3023
327
3193
496
3512
1283
2902
2073
1330
330
311
2156
3270
1690
93
3955
1818
349
115
3477
1382
3418
2235
2249
2378
3828
2460
1496
1967
678
5
1966
3441
674
226
3973
1219
2315
1731
3920
989
1048
3799
3550
3939
2598
31
701
291
2323
3009
2178
1170
45
1359
133
1658
1986
3045
3020
72
3864
2793
2751
1157
3402
2110
91
3772
2213
2951
3221
2065
181
313
791
1453
969
2807
1383
1256
121
445
3028
2088
1096
3972
2962
1850
721
1469
2552
3657
3032
3644
2346
1594
1740
2517
762
3638
67
2409
2685
3898
1191
2825
2511
3364
1820
894
1674
1642
110
747
3796
2257
2366
3652
1835
1530
3980
882
1026
2934
1052
1779
518
57
1852
1274
173
2805
3719
1296
2008
2099
1486
3457
3522
3923
2744
1756
3561
1447
2862
2250
3078
2925
3261
3562
3718
3124
3999
2001
2903
3808
676
2671
2664
1578
479
132
1105
1153
2663
2109
1634
2833
1696
1045
214
1503
1955
1294
2606
866
453
2194
2787
577
2183
3365
3278
3399
3577
706
1480
1896
3504
2537
1220
1546
3536
1161
2637
413
1866
3362
410
3826
2911
2591
1024
2731
945
1279
2927
3840
340
1899
2312
1838
450
369
288
952
3029
770
1341
3924
3313
3308
3679
2929
481
113
975
2054
2746
97
3282
532
2859
2437
1700
2569
1127
937
2338
3555
494
94
3859
3275
1505
616
1068
1514
3146
2282
130
2639
2022
2525
3633
3890
3903
3554
1236
464
573
3191
1793
2149
116
1411
2509
551
3584
1392
2106
1689
3380
997
1267
3374
3460
2887
3744
3183
1285
3431
3459
2217
845
2326
1567
3932
82
179
3079
193
3947
3176
1254
1855
260
3698
566
880
1665
3658
2452
3752
3297
3481
3465
821
49
3350
1950
1036
1120
1640
1894
3591
558
593
1976
3230
3496
2865
3349
523
1811
244
3062
1071
373
3785
2769
2634
66
70
569
2314
3140
1956
308
3223
3404
854
1997
1946
536
1738
216
642
1520
2077
3303
2584
873
2387
2476
3479
1331
95
1695
175
1848
1959
2464
1617
2052
1917
3541
2486
3370
1522
3866
1080
3661
2820
1231
1018
2228
104
2471
2969
301
4000
419
2403
1788
3581
2876
597
3731
690
3662
646
343
174
1974
1648
733
2492
1947
1844
1776
2674
166
238
2424
578
3258
3501
984
759
3746
529
1293
1398
831
919
3636
2243
1984
1902
1025
846
703
2030
3540
1953
2512
300
3103
2648
2347
3366
3715
3831
3453
2480
2264
468
2565
2950
2541
3788
1927
1554
1771
2262
2629
