3692
3058
3314
481
709
446
3002
1534
232
2707
228
1504
3328
1430
3122
1151
1004
844
2776
1436
3012
1346
903
643
840
2262
1932
103
70
3180
3508
3213
869
119
3128
1493
46
1240
1445
2745
3652
3331
3551
2265
2002
3584
998
1090
1752
3275
3991
3701
426
2088
2101
2057
2611
540
310
308
1250
2052
2377
1462
412
174
3192
2992
863
1048
450
45
1695
2904
499
1543
3637
2132
1257
1891
3934
2392
1479
2095
619
3243
2202
260
3299
3259
3968
1089
1816
1920
1329
2510
1708
3614
965
2160
850
3866
2244
956
360
2384
746
2185
3545
1251
1472
2592
1919
3152
3904
2408
1669
1826
3895
44
1460
3985
1689
651
3119
3092
3476
2658
505
243
563
3532
101
3304
3426
590
3795
1966
2841
2622
2877
394
3448
1618
556
1601
337
2533
3749
1890
3032
1583
1955
748
2323
895
434
3445
3008
2542
3048
883
350
1798
1514
1510
2602
22
3129
2074
3150
1316
1709
2625
1300
1356
2039
1013
3066
954
721
1388
3768
1016
2858
2402
3619
3287
209
208
2037
2173
1629
3560
110
2608
3664
1774
1311
1332
2681
2139
3622
443
1634
204
1962
2016
2791
2436
171
3277
1192
3517
3844
3504
2678
1026
995
1741
1782
2780
3043
3888
713
2420
1265
3995
3729
251
3318
3806
3862
3401
353
1086
2291
1626
2702
3290
3767
1761
3792
3962
2206
2146
2292
542
1021
2411
1141
961
539
3725
3051
2456
2479
3942
2503
1321
825
187
1262
100
1205
67
1914
928
336
576
3801
3131
2311
673
163
1206
1024
503
1857
1081
3324
1049
1470
2783
313
625
549
3023
1658
806
2775
188
856
1792
3166
3538
2590
2447
982
2014
275
413
2912
1750
1755
1047
2477
845
1595
2543
626
2896
2176
3430
2240
3512
973
2055
379
877
3960
3819
2126
3608
273
3427
1892
1207
3079
508
1235
1683
1835
2116
3067
1480
1229
137
2888
1817
3943
1613
2302
289
2100
1054
2072
2091
853
422
166
759
2763
1852
1155
3783
2603
34
3609
3856
3281
765
3097
2222
1779
1018
950
3874
3196
2498
3957
1860
2009
1552
1154
3536
2488
1171
2814
2346
2584
1584
2340
6
2237
642
725
3423
896
344
1118
2798
3807
2699
1799
2546
1712
1468
112
2558
1182
2516
2492
2983
334
2696
2581
419
1605
2213
1084
200
2844
3050
3662
927
155
3949
2134
2361
536
3986
1434
3758
1698
2211
3816
58
3573
1820
2599
3964
1301
3024
1078
753
1372
3683
1905
3973
1713
2859
2922
3143
139
3716
1216
16
401
1305
178
3884
1183
644
472
2069
2043
3341
2337
117
1401
148
3832
3278
1988
1328
338
1887
270
1503
924
3247
261
92
3244
934
2660
1980
1850
3777
3301
3523
182
2458
1318
2053
2750
2901
2588
2480
2169
3364
1491
3505
1386
1670
3677
160
2326
3309
20
1654
3355
3268
1607
702
1982
1734
599
1441
811
1224
3412
1042
3110
3859
2787
1902
1600
1037
1596
1187
704
3065
3654
766
3909
1896
441
1954
3950
1353
2077
2029
966
3987
2945
3947
3235
449
1513
2309
3114
1548
802
1818
2872
2729
945
587
910
2475
1867
1231
202
678
1033
3514
3103
2613
179
618
3439
1865
1697
3402
3217
3467
2360
2407
3648
1665
3086
3049
2962
3804
3270
3061
2191
641
647
3343
172
3853
3262
2239
1928
3616
3996
1869
2910
3836
2449
680
3342
1651
1806
975
1230
667
3712
2566
3483
2968
2112
937
1158
855
2614
887
2941
1847
1097
2468
206
1763
3896
3361
2253
1234
1232
1165
1115
3615
1875
1649
3172
784
1076
2469
999
2741
3636
10
1243
3743
2184
343
3206
1923
266
1145
2028
622
1457
1008
1123
2113
1376
2905
3675
729
149
3540
29
246
223
3883
3438
1612
2144
325
1682
3903
1969
219
2371
2889
2815
3388
3674
3906
3507
716
2369
1320
3600
2391
2209
692
2900
3071
1152
912
380
2940
3932
756
1604
1476
997
1506
2944
169
2537
3327
1912
2001
2560
3293
2691
3808
3472
1819
953
3671
908
2164
1994
816
755
132
1269
3289
3296
2286
2250
785
3907
661
3916
1458
2092
3098
3543
297
385
2541
3885
1125
3134
3333
2663
461
3928
3496
551
140
565
2079
1762
1313
3698
2355
2497
808
64
3416
591
888
2082
1298
1797
226
2275
2594
897
864
2794
1775
1602
892
30
1998
1744
2281
2539
3487
1191
2884
326
66
2245
620
1512
1124
3352
2351
471
1614
2060
1935
2692
559
2131
2015
3458
405
1719
2915
1827
1855
1957
1381
1186
3630
134
3653
2193
1667
