555
2793
527
3871
2990
70
2554
211
196
803
2750
1752
2086
1499
2641
3483
1044
471
594
321
3905
1675
3105
2711
2890
205
1456
3249
1924
3142
1138
1979
3500
1233
3159
149
2420
1356
2457
1373
1164
2632
2813
705
3805
2566
1988
179
109
3785
2314
1807
314
3045
567
1558
3014
1412
2478
3368
2274
1864
2579
3070
978
1503
1507
605
3023
14
3598
1543
1091
8
1718
3149
3230
3227
393
912
3672
538
2304
807
2092
798
1071
1159
2330
1003
1425
1055
3373
787
3235
1117
3957
2117
1553
32
463
2381
2163
166
3634
414
33
184
1915
1545
1688
3794
1258
3012
1320
3109
721
1175
670
2897
1747
2404
1557
2867
1422
2585
1745
1309
718
3143
2582
1937
3206
2555
999
2426
952
3629
599
3407
3470
2892
3975
642
402
490
2500
3521
2115
1116
1171
2090
270
2339
3391
2913
3585
3061
2340
2974
897
3664
2359
2335
17
3528
2794
2057
229
2804
1293
495
3545
461
2157
1108
3440
318
1509
2405
3803
2883
3441
1221
3323
3769
1110
2372
657
1057
2628
3195
3402
3666
3026
1448
3721
2902
298
93
