1811
1397
3500
1897
3693
2720
1882
2266
454
1249
3190
858
2287
1001
2075
154
3466
329
3874
1557
572
434
3264
547
2962
1611
2999
2043
3137
1563
3442
3037
2849
3336
3596
1272
933
1049
214
3817
1668
45
3347
1669
1377
603
2819
3737
1439
1630
3696
1879
3355
2604
2905
138
788
3783
855
2644
1998
3456
2026
3159
3363
3493
326
2342
726
2686
3791
3090
3900
179
1402
3427
119
2010
1336
257
789
805
2303
178
893
1809
694
2659
743
679
2428
3284
1175
1997
2258
303
3161
577
2066
3228
3070
3836
3081
171
1456
650
2193
1127
1520
635
2487
3369
3462
3051
2621
3024
198
2176
2894
1459
3512
1376
31
3514
1504
1063
652
1522
2459
1869
3767
3569
203
1395
1815
746
72
3549
2160
1205
1003
233
3111
1659
1892
762
3970
3519
996
20
2688
1027
2360
1129
219
256
2507
280
1076
2409
227
1887
3922
914
2871
539
3684
1633
2815
297
1598
3721
3142
1808
3732
2272
3344
340
645
1112
2239
3885
825
2705
100
2420
3632
2607
3345
3444
2584
2947
3968
3222
1332
3941
3236
1355
2244
1619
7
1671
2274
2101
344
1073
1260
3928
2106
2178
1801
2462
3189
1155
2966
2456
28
1305
3677
180
555
1572
1931
405
3594
928
1494
1301
2842
2508
380
2045
2480
913
3707
1548
2851
2015
3651
2758
1578
3353
288
2957
3688
966
2732
911
2112
3103
1602
951
1469
60
736
1932
2302
3440
2008
1254
3711
194
2701
1233
2177
2
2660
895
3931
204
2273
942
3680
3226
957
1828
2958
5
3685
3301
3876
622
118
3858
2839
115
2145
1197
1721
2231
915
2366
3927
1031
467
2754
3249
1963
3882
3816
2152
1567
3066
3542
1943
4000
2747
381
3663
442
683
2501
863
3733
744
2157
850
3650
2945
3755
1977
2405
2295
2801
2880
2974
1539
1250
1261
3870
1082
2772
1035
3764
332
2150
1983
3899
1072
677
1512
1974
531
1064
368
2914
2115
3850
1334
994
1510
1576
1490
2544
1915
35
2691
1005
658
2939
2005
1365
3426
596
526
1778
2395
936
3771
296
2281
125
3978
530
3835
1819
3460
243
1006
3213
3623
3062
546
1603
2592
3419
504
2363
1427
2692
3329
3571
3863
2991
1509
2533
466
2351
2678
1889
2539
1011
1816
3309
1487
671
3615
394
2237
1231
1881
80
2305
950
1193
3272
1856
2575
1677
1908
774
1505
633
1267
2322
1187
2057
1218
435
229
1777
3582
2100
3305
640
3400
3799
875
315
3867
676
2108
2422
3342
1441
537
1169
1443
1488
3019
2051
3298
3314
2201
9
2460
3515
1379
1773
1447
3824
3233
1189
186
2504
3979
1849
3575
3545
495
2506
1491
2147
3351
3339
1561
202
1930
2808
3467
2242
1527
1408
806
3773
2162
511
2304
1906
1405
34
2314
3216
3441
401
1568
1508
3576
521
2663
1656
2117
2757
1275
285
1959
520
136
667
221
293
3894
2828
1506
3556
2007
3669
1637
3908
2651
868
3740
427
1151
1373
1857
781
1553
3641
2802
2864
3788
1312
2474
1434
2589
1715
1053
3805
3036
3403
2980
3708
2780
1902
786
2275
3240
876
1800
1871
3417
76
1968
1165
678
56
3455
1419
3725
1521
3859
3501
3262
2745
2168
1704
1329
1855
2143
3610
730
2577
483
1283
2069
3227
2447
1093
2843
3263
3699
2417
305
1593
3710
2384
1380
1371
1772
564
2934
3890
2172
1955
1166
2870
3
3995
1643
2282
660
582
2677
3505
3311
3607
3674
1900
3665
1648
328
319
1440
3748
91
2746
1914
93
200
2326
2841
3918
2169
2246
1316
3952
67
2975
753
1089
2777
3998
2683
2618
3144
785
2402
1075
3779
2394
2654
3489
829
3303
95
2510
655
2702
3538
25
3915
2731
3053
3503
3712
1673
637
2714
3618
888
711
2528
2220
1954
2124
3079
3976
2833
3415
449
446
659
3210
3341
2778
3225
3288
3039
1326
3642
3372
1322
707
2763
3728
1938
1947
2664
3884
3364
2594
126
1531
1285
441
836
3546
906
3616
264
274
733
1876
114
1220
570
3432
291
840
1259
123
1023
1796
3622
772
1201
1398
983
2017
3960
1403
3380
3267
1335
407
2652
1407
1775
3110
1660
3647
2013
2031
1708
3534
544
2104
1607
3525
3127
335
3333
2790
604
1776
1996
853
2572
2799
2983
1919
654
1661
1920
2361
2200
1123
3182
2431
3150
132
3124
109
3290
2155
1874
2814
1973
64
3168
3883
3698
1396
3186
1716
2107
3273
3495
513
3195
68
732
3695
1958
737
1102
3237
2986
3509
1094
465
3540
3526
3349
3754
90
2291
3322
3282
262
2061
884
2704
3822
2995
2649
1532
3029
484
2346
3251
1711
2165
2286
2218
3232
3192
1306
3393
1835
2687
38
456
3413
245
3122
62
3136
2197
1212
2713
69
2985
646
2060
2700
852
620
801
2380
3068
938
241
974
684
1028
1292
623
2444
3000
1739
3365
653
1964
3388
52
2875
1853
2521
1186
3856
817
670
3334
327
1971
3307
1756
1040
1144
2369
334
813
3410
1937
2138
3621
3977
1710
3626
1107
3625
2900
1899
3295
177
1117
111
2593
2386
1054
756
349
2823
23
1496
279
3497
2516
1546
3705
3083
804
1842
969
2092
3857
2149
2872
2782
997
2464
1770
3242
1713
1195
979
1562
1067
2956
2059
3368
3275
2738
3487
1401
1536
3558
1150
1666
2198
2876
2889
2689
972
2699
1046
2223
3373
3104
161
3834
1455
1766
589
691
1623
416
796
2452
383
591
3052
2497
1499
2337
1004
2081
1203
3185
3057
3772
3198
3494
3537
3398
2938
1115
1454
2781
1858
1341
1589
973
812
1980
372
3384
794
2846
3097
30
2898
1779
967
2438
3795
649
3923
3360
1048
1200
55
2749
666
4
3837
3026
790
3366
2049
1695
1237
1431
2952
2142
479
439
548
696
1452
1069
2368
3761
2370
1390
1384
727
1438
3878
1437
3847
1542
2907
1618
3300
437
83
3938
2436
1570
3421
958
1081
3634
924
3765
1502
3990
498
682
1204
2587
2348
3963
1564
3140
3638
3597
3252
54
3792
397
689
1664
2830
3254
3304
3993
1867
1486
2564
1554
867
3750
2109
3827
643
3950
2770
2896
1208
356
1358
954
1022
116
630
2655
3003
1477
1556
1976
3917
1061
3666
1524
2878
809
323
1854
3753
463
341
745
2424
3516
375
3241
3697
480
2311
848
1942
1917
3560
3481
3411
2373
3358
2637
3936
1399
2525
1418
506
2611
1342
869
3207
1935
1949
2727
3120
515
2195
3561
250
754
384
657
3146
636
1298
1644
1794
127
3909
3664
3744
701
1765
710
2931
1236
1752
3474
2989
3439
1839
2807
1410
2643
3984
2192
3860
1045
1192
1258
42
1933
1498
1471
3313
3531
1533
148
2378
3652
1465
1289
2829
3483
3015
573
845
3601
248
802
158
393
2484
947
130
1928
3178
2439
2718
2123
2955
656
3193
2404
3250
3781
3898
1101
361
569
3649
1179
15
2624
638
3702
2002
3815
723
1862
1224
2268
2791
2996
2359
46
2233
987
3310
2676
2151
1926
3147
1768
27
1654
2475
3031
2133
3331
529
605
3588
2371
110
1866
2565
871
601
1515
2715
3566
3087
2886
150
235
8
3959
1583
1152
1734
1308
320
2298
940
1824
1965
3757
2665
1010
299
16
1248
1625
2089
3274
2627
3064
675
759
181
1412
1590
282
2645
357
352
321
301
1361
2915
549
3167
1516
1181
2339
749
3367
192
2412
1065
1676
1430
2410
2489
2755
3257
1979
3612
3846
3956
2211
2917
2252
1287
2636
3578
2076
40
3511
1409
487
175
773
814
2932
271
1986
719
3102
1691
1559
3109
2951
3397
1597
3635
3113
196
1665
2086
3032
2032
2768
971
953
3218
3438
1724
3845
2929
2580
2824
1043
470
1924
3804
3449
112
499
13
2316
1352
81
2551
713
500
2085
1588
1600
2970
447
3947
1759
769
2283
2249
1634
225
244
2262
3045
891
3108
398
3416
729
959
3787
2241
1216
2375
1609
3012
787
185
92
444
3656
3223
835
1351
1782
2403
1246
1674
2335
1891
909
2243
3038
3930
1264
999
3513
3719
758
3486
1901
33
3829
3789
1861
2042
597
1836
3587
1574
3892
2248
3563
892
1757
1036
3396
2027
2767
3551
2967
881
1650
1586
1678
1787
2742
2795
1667
3266
358
935
3660
1961
1393
2519
2716
1265
3833
1100
3464
664
1133
1362
2327
830
2953
3424
101
990
3522
3985
88
3253
1229
1736
2224
422
3801
1232
903
478
2933
2774
2695
2717
2022
423
2144
2647
587
1463
1604
3317
1297
1922
3605
2234
3889
3128
3163
1514
3810
2909
1898
284
3139
3786
261
1571
2514
2724
3800
1810
2003
2723
3340
2136
580
507
2812
1170
2612
663
2984
1581
1290
2077
1537
566
1652
1116
709
3101
144
1984
3935
912
342
2188
3606
492
3535
3812
3458
2465
2920
1686
1282
1843
3224
2918
37
3308
2166
3687
1163
704
2310
3507
2400
2407
3475
3794
2831
3717
1271
2981
3862
3158
3914
3269
985
143
317
1975
2251
2344
43
2668
2469
2199
3054
799
1731
2455
2350
3073
3138
1814
1793
693
2213
3703
457
2672
3074
82
542
411
755
14
945
3533
2458
3565
1474
3302
3315
2036
2548
141
