3630
3949
2820
596
1971
2817
1117
1293
3419
1475
3268
2379
500
984
3776
1669
505
1924
3711
2145
1918
2734
3771
1815
3985
1133
1750
3239
137
2063
1734
999
419
3863
3905
3241
2638
866
2181
589
1644
3119
3059
1009
1274
1325
3341
568
2675
3330
2878
2438
201
1883
2019
2578
1970
1648
1252
3906
717
3810
872
1067
3118
2339
889
2037
769
849
1559
2676
1288
185
2622
3613
945
341
3792
3989
3427
1360
3898
2641
1138
1950
2771
2049
366
908
384
1266
2360
1743
1372
1576
2690
1304
3139
1414
1755
1579
3279
1543
2304
1066
1218
2213
2738
2606
3921
61
938
3053
2289
1746
1795
3380
1657
303
2938
1259
2296
2551
1709
669
3720
1684
3209
3500
2936
2411
905
242
3389
3604
1998
2710
2813
2423
3620
1283
66
3542
3487
3697
3015
1257
2202
1604
3871
1243
1763
1348
3124
3727
1068
2047
2523
934
1318
229
3438
2596
2668
672
2362
2283
965
1212
1072
279
165
2488
1457
1517
1741
1967
204
294
1597
1718
1166
102
538
3475
1118
1216
460
3651
673
3159
1196
641
3200
3882
2743
2555
2344
3843
