3526
410
3113
289
2894
3541
3873
334
549
30
3782
2946
2110
2632
1128
1318
3844
319
1892
2362
868
3545
1167
3311
3627
1670
916
2676
1353
210
717
3030
1935
2403
1678
1265
108
460
2423
316
3554
336
1759
1903
2774
2994
281
2303
3836
1408
2469
2490
1117
3193
3371
2020
1652
430
1613
3332
1742
2993
1712
2041
2239
1796
2979
3804
1336
647
1651
506
2520
1301
2274
1387
2216
3120
1023
3121
2909
2304
2172
1928
3595
1281
3818
2
1549
2164
1766
588
3646
2094
650
1355
3185
1146
2182
1444
396
1541
3510
39
1200
2958
642
1526
1988
3951
1933
3026
634
1470
394
160
2607
1631
1258
962
3080
559
120
541
3927
3843
2677
1677
1295
384
686
3761
273
3403
3377
2426
1909
3868
2548
3217
1841
2550
137
328
2696
3697
2582
3070
3642
2201
869
309
832
2911
3350
2485
3233
2995
474
2864
3637
1244
676
1669
3179
2687
1508
1576
2178
2646
2987
1158
2547
1204
946
489
300
3710
2340
1971
353
1316
209
221
663
2022
709
3059
3600
3321
637
2653
851
2446
1194
1621
3389
2884
3998
1255
