257
2088
2120
254
724
3415
3975
1297
2428
415
3692
848
943
865
3837
2770
1657
2272
953
2729
3187
239
1572
47
2193
1670
2930
347
1918
576
3226
829
655
2998
3083
2958
3805
3179
1241
2192
3147
2788
2456
417
2903
2168
484
3537
3571
1976
326
1385
674
20
1649
1905
1187
1123
1302
3376
1405
2287
2522
2231
1027
2405
1071
1178
2320
2492
1565
3887
1792
1683
3568
3173
2659
117
3717
141
3556
1571
585
3718
1313
3348
3629
3531
3243
3788
1696
1214
2709
2383
1900
2319
2828
1290
357
1926
3384
2011
2381
449
2012
334
3643
1782
88
595
883
2375
1827
3674
501
2631
369
846
140
3963
2752
3502
2707
587
1781
3324
2570
3075
2105
918
2452
2999
864
1454
2627
1982
531
3762
269
1514
223
1007
903
831
3880
2628
3943
3577
3645
464
3727
1787
2528
2205
1558
725
1595
899
1416
3476
2352
3956
3617
1349
3061
1295
3409
3713
1381
1790
3638
3869
35
3445
558
3798
1951
1913
2782
1415
3035
2928
172
3010
3176
2771
385
11
2572
3314
3110
3486
2167
67
3480
1711
649
2020
1314
57
