330
3365
1137
3853
2538
2965
363
906
647
1887
2571
1217
369
3257
1747
1135
919
3398
1831
1967
3053
75
726
3049
566
3849
2347
10
317
1027
79
3941
3975
111
2517
229
1882
1803
3412
2758
1085
954
1796
3926
164
2843
644
1927
2783
2332
613
1535
907
3934
1271
460
3737
1813
1287
2094
1244
824
456
3967
1476
1531
459
756
3970
2009
1931
3935
1699
3608
2730
823
1502
3632
3739
112
191
847
1523
240
2239
1246
2748
38
701
1578
1102
1972
982
1170
2800
487
1237
2547
1973
645
189
3713
2174
809
3233
3368
3494
1
470
306
3962
2657
2765
2409
2576
3510
1008
1702
3910
371
2673
2724
2513
3672
1771
342
3898
1198
1497
364
2219
1493
2754
563
1295
2306
1368
3024
3681
1856
1260
3591
2817
2110
3820
228
727
539
3530
1525
2888
221
2820
2912
3611
2106
1885
1377
1273
1453
1252
316
3480
1814
3302
3390
1710
2118
541
1006
1675
3154
2201
3044
1909
685
1029
155
2531
1780
2144
232
262
1374
3042
260
2731
3564
1144
531
2536
1943
2162
1016
561
1264
1098
3177
3986
135
760
1915
2852
1156
1664
1641
1446
2968
1113
819
73
3305
3112
878
304
1614
320
2238
2641
1908
1407
3046
3476
2343
2076
2689
2486
1466
932
764
3179
360
271
1071
1064
1245
1077
683
1884
2606
2993
2393
1983
267
379
292
1984
3965
3643
1666
3069
2504
2956
1365
692
1499
13
2479
3311
917
841
3489
3956
1049
2308
3891
991
2053
2694
1180
1130
2446
1296
1140
3483
3542
2967
2379
2278
9
1569
3799
663
1428
2056
1342
3833
673
69
3092
2382
1661
2259
1845
2928
2314
1876
2419
1448
2624
2123
3587
3140
704
3170
2298
1792
198
2013
2812
3761
3654
2743
1362
1088
552
2556
319
3800
3869
2131
3227
3478
3235
89
2830
607
2616
1471
3457
77
278
1438
2816
3099
2442
2866
2568
1886
476
1395
768
1974
2561
2080
223
3518
3562
3149
1861
3498
2333
3275
1574
1090
1506
1827
3331
3850
1349
431
59
1713
2372
2431
837
2386
1063
2399
1269
2992
3122
3158
2146
2376
1658
382
454
2768
2357
1772
2438
1410
2381
102
2734
1018
170
2939
2995
185
785
913
2702
1544
2142
1828
2609
3882
2752
592
574
2811
1933
2989
1243
1693
2423
576
2296
723
2881
1681
3720
1795
3120
1455
3544
2287
3271
1241
398
1236
572
3415
805
145
1545
1104
1413
928
1985
494
2823
1906
2649
419
2269
3685
1682
1385
872
1844
1414
2369
3354
3945
3653
3155
251
1534
181
1790
1809
3747
230
3395
3939
754
2755
3906
3495
955
176
2623
2132
3421
1415
1509
3676
951
826
3950
3993
374
2511
3418
2696
273
2490
1725
2618
1079
1990
2920
1700
3422
2321
579
910
440
2410
1551
3644
698
1832
753
2526
325
498
3525
1184
588
3718
2603
3870
2052
3023
2199
3603
1222
996
2869
416
1938
2063
624
3181
3864
3768
1917
495
151
1947
2096
388
315
1215
1668
418
884
3619
1556
3908
759
1579
127
2226
2741
1728
2267
345
3375
246
3845
953
310
3925
1443
2619
798
938
2501
2208
558
2485
612
321
3955
1083
1993
1839
1874
2877
3369
969
1201
3995
2627
744
2736
1680
1339
3272
3011
2718
728
3503
43
33
3284
3033
3709
1050
2425
2766
429
3919
2389
894
2074
3879
3807
3465
1208
117
1703
377
1451
3226
2898
3285
120
2005
254
3470
975
2534
1998
3717
854
1042
1111
948
3890
2589
2185
1571
797
694
3976
3109
791
1646
3276
1939
3522
827
1695
2605
545
1412
1971
1401
3030
1673
1333
3306
2781
1153
1288
1359
983
2275
822
2428
3328
2140
2808
1378
1601
2317
178
2706
1134
784
1281
778
2360
3486
3876
2024
1173
879
2628
1593
2516
830
3964
2249
550
3180
859
1315
1354
3550
2839
3636
3447
1340
2509
912
1788
3930
2662
1309
1872
287
2872
3680
1226
283
1916
3379
3582
3984
1335
2195
3065
2421
3071
3038
1081
1714
2604
282
3410
3789
860
3031
196
2348
1474
3100
2814
1987
901
385
3070
1539
1218
2590
2946
3539
2699
1595
2958
1530
1582
1322
712
3090
3927
2136
935
2560
2240
1381
2575
3546
2225
787
3772
1930
1128
632
1629
1202
1768
2497
3928
1472
3792
1492
2900
1411
2391
1954
1766
3118
3001
2586
3246
496
1913
2737
1837
3148
2152
615
2254
1435
3821
2774
1635
1373
695
3641
3132
2030
3671
1962
2243
1866
3493
20
796
2907
927
71
1830
2359
1159
3561
45
3707
1815
3362
3901
3287
3773
1522
3458
570
3649
2554
1307
2213
3032
3076
3481
527
1461
2957
3332
404
821
3497
3836
2905
136
2224
2858
1276
2124
2809
2465
2541
2761
1636
427
944
113
557
866
881
2890
3813
1674
3880
2477
2709
1035
1541
2160
729
107
2458
3590
1902
3664
1151
195
2082
1602
2126
3313
204
2181
3236
2810
598
3113
800
31
86
3472
3269
1776
157
703
3819
851
78
384
1248
2188
3459
3323
123
1651
3727
679
441
507
3345
941
1033
1940
3008
556
2631
1893
1235
1262
291
2133
2022
3240
2412
2856
1649
1517
3292
2642
2704
1306
2470
3469
1459
3888
297
3203
1624
869
943
1037
724
3558
2626
2879
1345
2961
1205
1055
2235
415
1117
3466
1396
686
2426
3460
807
709
2850
3252
448
3781
3116
3622
3133
2021
3119
680
1495
3704
916
39
560
408
3793
1261
2122
1297
2740
2863
3289
2719
3784
3308
2345
2147
1672
2229
738
1537
1829
1794
3715
1477
2608
713
3389
3433
1532
389
1849
577
848
2550
2353
735
636
730
767
2954
352
2177
1600
2285
3594
1143
1179
994
275
947
1511
3487
2620
2114
3816
1719
46
469
3750
772
200
533
242
1328
3788
2246
963
1209
697
1905
1488
1213
285
1120
1408
3516
1294
3431
3084
3259
836
1825
674
1598
1709
1084
1484
668
3999
1746
2867
2121
1441
2028
2528
2910
1057
139
1508
1619
1298
307
2970
3762
3333
874
2356
658
3105
840
1372
3192
331
1960
842
3650
2913
284
3666
693
3280
1787
2101
392
1024
972
3629
1707
2325
2636
2258
1591
3731
2844
2102
2390
3315
2739
2828
3586
3281
3205
773
2822
505
2505
1380
3752
3171
2334
984
3974
3661
3652
1072
3949
1409
3134
3492
2521
293
2252
716
2612
2557
3651
3776
1720
737
2860
1797
2932
2006
32
2182
172
2371
2887
114
421
1346
3866
3079
511
1040
3837
3363
591
940
3972
2350
3228
1567
867
1949
2026
1966
2829
1583
1880
3895
3404
2979
3584
529
2635
2797
2070
2807
1162
3691
863
3291
1148
1449
1717
339
3283
3509
3912
96
1032
3006
461
1384
3310
2683
1853
1336
2272
3408
3129
1716
3325
3759
3296
3157
1706
3698
3710
3384
2363
3723
3938
1112
3779
2168
2248
3979
640
3400
734
1419
2672
979
524
2079
2244
1182
88
2849
1907
3755
485
1950
3420
1341
3745
334
473
1500
2115
3423
1253
1070
739
1969
1334
2487
3576
2715
637
1606
2602
130
1599
3238
3439
3914
988
2677
3830
513
2424
3190
411
1868
1256
22
2120
3846
3382
748
3973
1589
1061
2895
1804
373
1242
3954
1934
2305
3107
3577
1275
2151
1945
1521
3885
1367
2145
873
766
3868
1739
1272
2016
2973
1860
3628
1284
2017
1811
939
569
3355
2798
2366
1046
3515
2161
3025
581
1387
1684
2256
2270
2514
3554
3224
1519
3130
1020
1736
104
2873
1199
2073
2524
210
3016
619
722
2686
2984
2086
871
629
1093
900
2297
1656
2775
3663
1258
3749
277
2574
2552
3244
1838
1580
2914
407
1573
115
2835
1300
803
1865
1230
650
553
1643
2847
3569
1637
3299
3557
2064
2167
3924
2088
3182
2221
666
366
810
2525
3593
2951
890
3874
2149
3705
2975
711
3678
1456
171
3010
3222
1562
3609
3982
2047
3048
855
1529
3197
2902
2440
1823
3265
1989
3588
2472
2230
1976
3386
898
1705
1219
1051
2539
3610
2367
961
3293
2380
2654
2450
3207
3002
3258
3679
3219
226
1948
423
1824
2352
3121
125
1767
1002
3871
420
439
2291
1553
253
3319
3688
858
2338
367
2629
523
3434
1175
3499
2189
497
2247
1923
72
1188
2378
3372
1118
886
3987
1431
52
1305
1613
3161
3531
2991
3183
1978
1891
1470
740
124
2328
792
2840
3857
1177
3913
1203
1807
190
393
2698
3080
3559
3268
1078
2747
3785
1542
1980
2644
1490
965
337
1514
332
648
1434
2302
2400
2228
2265
2929
990
1420
3708
3102
1238
149
3353
2655
1450
2065
2983
3936
2543
3082
2610
493
376
710
1433
2483
1512
816
934
1423
276
2276
2202
2790
2019
2771
60
64
1621
559
2206
660
1370
1798
567
1552
1485
2447
915
3150
3795
2290
2825
1944
641
2000
1094
455
93
1107
1394
2046
2953
3326
328
1899
322
1912
839
1903
549
555
3127
3778
402
2406
628
489
2280
3501
1965
882
833
138
2436
880
432
702
3600
2107
1073
1750
993
3597
2234
2889
3769
2681
1883
3424
2274
134
211
2640
3504
233
743
3125
1454
530
1038
1732
3677
2117
3359
3047
779
2194
3757
3373
2587
749
463
2593
3200
361
2936
1458
3145
608
1763
602
3316
2282
707
3732
3131
752
280
3741
3250
1996
50
3163
3468
589
520
1068
3635
1092
464
3166
3348
248
3574
3896
1392
2997
1114
1671
1898
3742
998
1022
1478
655
2510
3943
1286
37
165
1353
2180
2320
952
808
625
2037
3760
1618
3665
160
1121
2884
3694
83
2880
2183
1995
3402
48
1303
1881
1066
1678
656
1970
186
1405
156
3669
1122
1925
2918
2481
290
2081
3585
1660
3824
1894
1819
2770
1588
2159
399
2413
2870
3088
1101
2882
853
1053
3464
834
1240
3231
681
2559
3036
3753
611
605
905
2090
1568
397
865
42
1679
3378
2411
532
3169
1867
2257
2819
1667
2941
2909
2588
2337
586
187
3721
3440
357
109
3229
899
353
2579
3318
434
3902
2678
1744
2836
3321
1924
3225
2156
3626
1644
793
3911
1176
1926
2643
222
243
175
1623
3547
2865
1586
3508
1548
2573
2015
289
1229
578
202
2018
80
3817
65
3537
875
3448
1731
1808
3951
1437
2068
2764
804
850
1608
1332
217
2227
2667
844
3278
3647
99
2924
2
2034
3488
3645
3451
2653
2260
3514
2959
3835
1285
1570
992
3061
502
1740
1712
3074
902
208
1320
2896
1343
481
633
261
3300
3366
2478
1942
2344
417
2402
90
3209
3856
3808
2403
3188
3290
1611
2611
318
1698
3303
2763
462
1317
472
1019
3322
1686
1843
2322
390
2507
1957
66
2075
3802
1662
2803
2095
3511
3519
3
2562
3040
2733
1348
3556
3035
301
3923
98
1745
2002
2493
207
327
1892
1314
44
15
3370
610
180
3981
1304
2801
3213
2857
3054
18
2044
209
1344
1106
1977
2103
3863
3026
3695
1223
1165
3449
1207
2787
968
215
3900
3797
391
2792
1937
168
3796
1873
653
3089
2842
1758
936
1491
3815
1494
3087
2854
2499
1382
1210
3828
1129
2434
3512
199
832
263
2085
368
895
486
1928
508
3605
877
1701
1932
1274
28
2670
1289
829
3139
1158
3854
3625
1992
2112
2784
595
3015
689
249
1729
1330
2596
2401
795
585
1789
349
2341
3485
3028
294
2749
1163
2732
3733
1047
2482
1462
2831
2057
571
1186
815
3601
1475
3829
2116
2927
747
2717
775
188
3872
1878
2651
3232
1291
3445
3595
1791
667
3697
2036
1756
1633
2179
1784
258
2055
2530
3534
1979
2087
856
2853
2862
3942
3770
1192
3579
3952
1981
883
2255
3892
1124
3221
147
1982
2498
1781
2658
1826
732
1356
3144
1587
3432
2012
1850
3005
1955
1659
981
2919
3338
3751
2760
2233
2054
2293
2791
3043
4
2985
896
2396
311
3126
500
3722
300
3634
3175
2503
2368
3314
1149
3114
1157
250
1164
1486
2475
2722
522
1263
2264
2664
3706
526
3435
1169
1858
2135
1655
1171
2615
1206
29
53
1048
603
1799
238
3840
2375
2157
3128
3067
3217
2050
1793
2215
2001
1737
3699
2430
2834
2245
2833
1647
2793
2008
3581
1255
2666
1622
3083
1846
2445
3367
599
274
1605
2231
3851
2466
1110
3443
3064
2077
1108
1195
1563
3146
3791
626
1575
1547
148
3254
2594
1351
1109
1338
1119
1089
3630
2826
3364
977
1440
3758
2313
1375
1161
2083
2354
857
2111
3862
3960
1000
3560
2190
2519
1631
638
0
708
3019
438
575
2986
818
6
631
956
2069
3687
2397
1358
1630
3243
516
3818
3108
757
3520
1350
153
1690
76
1142
3152
3093
2969
3288
265
1301
1204
1527
2999
400
604
110
1769
1267
2978
2448
2032
3953
3086
1638
2362
3162
3523
538
1518
1504
1507
3098
2565
3249
2692
1181
2864
1565
2331
1748
2415
2711
774
3298
925
3673
3256
302
1021
1132
3633
2876
2324
1951
2109
488
789
1386
700
163
1806
3021
742
474
696
3360
2251
465
583
2668
1383
3763
688
601
100
3859
2212
1028
2821
1870
3094
1687
378
2700
1640
2457
2874
1127
3103
2250
3602
3690
1391
1174
2100
162
1152
129
3160
2682
2742
2578
1457
231
3740
1060
3578
864
3352
918
1056
568
3881
1012
2340
669
3077
2418
3387
3592
3242
3726
1752
662
1620
3312
770
2613
3743
2679
933
436
1185
2851
122
2542
2150
12
1147
3931
132
2796
326
2693
3214
892
362
1321
1292
2548
3052
3767
750
1820
2453
783
2300
2339
659
335
3642
691
479
2307
3251
3223
3834
3072
2695
2377
3381
2355
997
3875
1312
1584
3136
1460
3135
1648
2647
2558
1628
3336
3066
799
654
720
3247
3429
736
960
1393
1956
403
761
2029
887
2926
1738
3948
2713
3450
264
1959
3484
781
1871
2684
811
2361
413
540
1357
183
323
359
3320
733
3809
926
2795
3711
2496
329
1254
2520
3419
1069
1249
194
2060
3342
2441
825
1397
593
699
3230
3361
3248
1364
354
2767
2035
2214
3831
2981
3436
2422
3186
1327
159
430
587
1919
1921
3847
303
35
957
2241
2154
3658
2153
3141
3572
3462
2952
16
548
2031
1515
2527
3805
1805
1145
3399
116
594
279
2789
1936
92
646
2639
101
56
3937
817
2523
1251
3334
861
831
2916
922
1581
372
2020
1487
2656
2128
3477
1250
3490
1833
1464
3463
2093
1172
3563
731
776
1612
1139
406
2437
2837
1196
3994
2553
2680
1355
2645
1864
1234
2309
313
2943
2964
206
2769
721
47
1901
862
3307
1543
3376
3929
2827
3193
1723
3624
3670
1233
3612
974
3917
903
2772
1597
3620
2175
3812
3843
718
573
1835
3667
490
2279
675
1657
1639
3340
2011
3858
3397
514
1100
1783
212
1402
2788
466
725
2659
2675
3210
2714
216
942
923
3957
1561
255
634
1360
1390
946
3279
3536
3729
3138
3674
2139
846
2268
2976
2996
2633
2533
1319
2911
2451
741
3453
1724
3147
2751
3803
23
3156
161
1025
3991
2998
426
3117
1277
1337
1862
1009
909
2193
3411
1975
3899
510
3696
2463
1001
224
639
2394
3627
1439
1762
87
1994
3684
889
1347
967
606
3932
63
3848
2467
2040
3017
2170
2671
1116
3946
2319
30
1023
2216
3260
2735
1228
2868
3825
2972
1498
2420
1426
422
344
343
1054
1126
3301
2311
1299
2940
627
2592
2209
286
1247
3218
746
370
3947
308
2663
1125
755
21
2173
1030
3989
1572
2564
1308
1468
2237
1904
452
1076
2130
2316
1953
995
3430
346
2164
1645
3963
2084
2310
2023
457
3565
2780
1741
1324
1718
484
451
2545
3393
506
270
3474
945
3897
1603
580
2172
1075
2532
2861
1761
536
1062
3456
2273
973
2712
590
2512
2987
3414
2915
2537
295
424
2323
1257
3675
3110
2685
61
1751
3020
341
1366
1318
201
3748
2489
3637
3867
3491
2848
1168
131
1550
3549
312
2522
2725
1239
74
1259
1778
491
3104
3555
173
1067
501
355
1999
1997
3194
3206
2198
2312
453
2108
1642
3777
3918
1889
158
2033
2374
2078
2370
2351
3877
3051
777
3692
2962
205
3009
3852
3631
3013
2638
3085
1422
1596
1920
2061
1014
1065
964
1131
2845
1398
1528
2253
3007
1727
2502
3277
1133
1483
2429
333
3003
1946
3538
3347
3861
3992
2815
1080
2048
1266
3050
1988
118
2583
870
1847
2452
621
296
3239
2292
2506
2980
1626
214
272
2759
2432
3804
1442
445
3566
790
1877
1015
482
3062
2326
3438
1501
3351
931
2398
2200
3425
3405
3548
2365
2178
1848
2931
499
949
1817
435
219
3940
1467
1225
2674
3502
2935
2236
1743
1546
3394
1536
966
247
1404
2646
1189
3532
1625
57
1757
3081
1540
1220
2802
2166
715
2728
3968
351
2947
179
3396
3958
150
676
1155
3618
3184
3568
1840
54
1896
471
684
838
1290
1105
950
336
3702
3596
885
314
1482
1103
2634
3621
893
3513
2169
985
1282
852
3294
597
1178
1922
1136
3374
2773
3446
3969
467
1400
765
85
2041
1399
3701
670
309
1183
642
1777
3884
3553
58
2294
2113
2207
1557
3377
1715
1403
1689
381
3567
3111
2473
518
3839
4000
717
3801
3426
2930
1910
2091
649
184
1879
1036
2697
2544
2184
2551
3409
3142
2716
3606
2804
1952
3295
745
786
3844
2217
3267
2621
622
380
2358
119
820
1775
3075
769
11
2738
1115
3261
2963
2563
519
3335
288
177
269
643
84
1323
2218
2335
1187
2903
3198
2417
544
2295
338
503
3095
154
2364
1444
989
2284
682
2286
3893
582
1765
3383
3358
2443
2277
2137
1200
2762
25
2220
3327
888
1421
2408
3780
3174
2262
2832
2223
3153
62
1074
1505
908
2933
2299
3014
3401
2585
1279
3427
2891
3034
2540
3883
2395
794
2710
3455
1991
1677
412
24
405
1782
3754
3185
3889
34
897
3241
2476
143
3971
3437
3004
665
535
1097
3297
2330
2703
2071
3996
3216
1897
3798
1852
1388
2971
920
298
1802
1326
3091
2004
2439
1086
3482
2427
192
3245
428
3823
3454
3517
521
492
1914
664
166
1670
2753
1496
1753
2937
657
468
2726
1214
121
3786
3063
2315
2597
623
2205
227
1549
1003
1663
2599
2687
256
3208
94
2598
401
671
2010
2778
449
3683
174
2637
450
3640
891
3417
394
1503
1632
911
3000
1592
543
2464
1963
3822
3832
