2289
865
3438
3778
34
1883
2343
3074
1032
1973
3807
1330
2401
2255
2555
2297
1423
2066
3899
596
217
1219
2741
2609
1844
2784
3734
2182
2765
2604
973
3301
3120
2103
619
1244
2375
3600
1876
109
3622
242
1714
3178
1674
2777
1455
561
1792
2615
1195
500
2817
560
3171
1085
290
3820
463
2736
3563
1896
1697
54
994
3868
3267
465
2096
15
1026
1675
1958
3000
3252
2911
1996
380
1935
3485
2920
3901
406
1990
514
27
3471
2277
263
1571
1940
1118
1763
139
1864
3384
3503
1462
1333
3936
2953
349
3709
458
1482
1004
1703
3386
3840
2606
3186
3300
436
955
3101
362
3929
1550
2830
1434
2506
2658
893
3494
1254
3200
2759
3865
3771
1772
3674
3111
1348
1480
379
2679
894
1524
3989
2898
3506
1752
2192
2753
2663
1761
1917
3070
597
3464
1901
2510
1642
2062
3015
3826
3827
212
1746
3123
2675
1224
3005
3818
2835
820
2872
3662
3754
1356
1635
846
841
1801
1678
3212
752
1810
1954
3280
674
2546
964
3075
1738
308
784
213
1176
2169
728
1580
3128
2521
1111
1479
1888
1626
3619
2232
1544
3361
3102
1162
2945
889
2976
868
134
1358
732
62
816
3711
539
1978
3647
1597
3414
2489
19
2882
3777
3056
874
103
3207
2370
5
1578
3333
1178
1160
2163
999
3544
3063
3243
1281
911
3552
2143
315
2198
1880
2980
372
1078
1103
3498
3894
3769
414
1310
1796
3891
3460
9
2847
2502
1478
2690
3630
1205
844
1112
3205
828
3760
3029
1877
3049
1461
1548
537
55
2620
772
2059
2089
3885
3331
1487
3950
615
370
3325
2511
945
1677
3871
1566
3522
205
1441
2099
1404
3006
470
1132
3318
261
3285
2937
64
2325
159
2388
1444
415
3714
3897
3113
1190
1720
3142
991
1465
3431
46
3269
1681
259
1981
697
3254
3169
2181
1225
606
1187
3073
2533
3969
3719
2040
361
381
1636
1501
1600
594
1690
2462
705
2228
102
17
3236
425
1360
3378
797
1946
2856
1252
1889
489
2770
1652
1782
592
236
880
3307
548
218
3148
3352
1993
444
824
3052
1712
3727
3268
660
3104
1188
3562
683
1886
992
1657
1766
3131
2865
366
2400
389
3002
806
984
1513
827
2893
891
3230
3613
1734
