3713
2296
3964
117
2275
3779
1399
645
975
2392
2320
979
3427
1149
541
3708
912
3361
1440
3952
273
219
226
3073
2448
2175
995
3284
1427
3557
1552
2835
1322
2988
746
1785
2789
409
3359
2633
1046
3825
123
2646
3573
2874
3048
1471
3859
1135
1473
2384
3298
3127
1249
56
722
391
1376
3790
2489
925
1374
2449
2689
1130
554
1687
2348
1466
1381
33
1369
3149
1620
2343
1321
2166
2875
1220
2243
2452
2274
2167
1409
565
759
2308
690
2071
1103
3884
2295
1363
3861
2625
3105
3057
2150
2255
1973
2313
1144
380
121
2867
2876
3099
3652
2247
109
165
3687
1636
1054
1084
2553
3982
2303
3418
236
3338
2686
894
1798
2451
3692
19
2958
1480
850
2017
3770
2880
1998
130
2
1379
2521
3863
231
1935
304
2488
686
3922
2309
2677
930
2018
1584
3854
250
1318
1677
3963
3987
1603
954
1271
3635
3083
869
176
2189
1015
1629
405
3404
1847
2534
1717
505
2998
812
2740
3068
3356
1291
350
3014
961
3916
2853
205
699
89
2763
731
1530
643
2430
2826
2144
2927
1843
602
3166
3034
3686
627
3015
2084
3180
1771
2977
3173
3387
1972
3465
1350
1699
666
973
3282
3981
1313
3215
1197
3821
2426
3763
1858
3827
3518
2310
2015
425
265
1378
1925
3956
1741
2678
1883
528
3726
2462
3477
2114
664
424
3602
1500
1700
225
3633
821
3397
2764
3817
2800
733
3528
155
2918
3617
2125
1544
1890
971
1286
642
1645
2193
1319
1569
2434
495
519
395
497
1954
3035
1331
719
433
913
998
87
1082
2143
3576
3156
3647
984
624
718
761
2297
3691
2374
3664
2277
635
1691
771
1198
2030
1919
2136
2349
3768
1690
3796
3569
1930
1733
881
2558
2174
3393
965
2947
3972
835
1246
1644
827
845
3162
634
11
2783
3357
3402
2474
329
801
3575
1215
3543
2839
1708
322
3505
3006
422
2466
3230
38
2264
1849
3680
3455
2459
2950
794
3880
2413
909
3178
897
2560
3262
2293
1115
767
459
1713
1181
2411
3330
170
1213
474
2823
1880
2555
3116
3195
440
1704
3052
563
1718
726
1117
2025
2598
1580
933
1253
303
2580
678
1556
2701
182
2614
3556
1083
2399
2588
3250
3830
475
1055
2239
3890
938
3526
3584
2954
552
2339
108
3579
346
3976
1026
1247
2200
2802
3931
1218
3047
2807
3337
2401
2055
1125
1348
2216
3722
3904
1966
3112
1747
1027
2312
1885
195
2211
3136
157
41
1069
544
3288
1612
3967
911
3590
2370
2728
703
3117
2279
1874
3467
3391
318
2469
3991
327
221
492
1092
1765
1736
3164
1235
893
1365
290
982
3848
3451
2991
1267
3021
904
3682
2164
1622
30
3093
192
972
4000
2743
955
2710
3113
2845
3641
3459
2984
2073
2160
1753
446
61
335
3239
1904
3065
1607
2928
3571
3144
403
1400
458
3882
1573
742
2608
1382
1182
970
1232
1474
514
2773
229
3184
3141
3313
1787
1555
2493
2354
2291
2655
251
47
3346
2115
3305
2287
2578
905
2063
3774
3905
1766
3155
1649
1769
639
822
568
3674
2278
1728
2590
3194
3946
2576
2992
218
1323
3822
3531
1591
3671
2733
2995
569
2238
1684
172
1589
438
2749
1654
1897
3202
1352
3954
1244
337
3079
551
1882
3903
252
887
1262
674
2863
456
2156
1826
817
2994
1586
3767
2840
803
28
2292
2445
2419
187
1241
1112
953
426
1012
3147
2490
792
1097
3212
3258
3245
371
3266
159
2631
2537
1522
3819
275
2186
58
1987
2691
493
814
2358
2233
600
2866
2443
2873
824
3744
3783
3218
1339
1360
695
1439
3623
1777
2915
2345
1981
1151
396
3213
1993
3983
357
1864
1021
3910
2755
2679
1962
1118
3537
868
3676
3411
1129
3806
969
2656
988
3644
2478
2821
1648
1729
2364
1310
3092
488
210
2152
222
1512
2185
3709
2895
1436
1357
773
1467
2182
3270
2848
3486
1425
858
2545
1488
756
3604
1411
2497
2442
2745
2731
368
1571
3658
3896
1631
2271
978
2441
2283
116
747
1018
958
2208
2506
840
2649
1032
3412
1035
3051
3090
2594
2184
2837
1618
650
927
2259
2365
389
194
1455
154
876
3174
3063
79
3594
325
1295
3500
2334
3853
1557
2052
1960
3689
2230
2653
156
2612
2898
468
1290
996
631
1967
1495
2004
112
3605
561
829
776
2290
2110
1464
655
17
3842
423
648
1494
2361
1168
2248
1705
2632
2123
269
175
1931
1627
2949
3130
1995
326
2106
1187
3110
3856
1431
2786
2340
564
3011
816
3593
3409
2228
685
1560
2051
2229
2054
453
652
2333
1641
402
865
3888
2016
2141
620
3183
2698
3045
851
2752
2433
142
232
3725
1839
795
517
2906
1240
1104
2286
3303
3429
444
1509
1444
1315
3297
410
689
3458
2212
2713
1228
43
786
1361
989
2253
3852
1492
1801
3659
1109
3129
3388
2467
3752
2707
3422
499
1809
3654
1283
1276
2628
1
1419
2014
618
805
3111
235
1086
537
3485
119
3527
3776
359
1294
2494
714
2397
3710
3376
1052
623
3913
2817
2090
3036
2971
1006
3638
2416
52
3225
1909
266
1830
202
2724
1667
1023
2715
431
2294
751
831
138
3223
3668
2782
324
2172
1472
1074
237
1219
3778
2929
3460
914
3684
3249
2102
1796
1162
3474
2747
2130
1178
1723
2658
3061
604
765
2959
3277
462
3353
375
76
2671
2120
3889
3719
1952
2319
1502
189
1792
3331
244
1969
2425
741
3283
671
1761
2989
1161
3985
186
3084
1574
3067
2556
49
3081
10
1606
1566
1426
3945
35
1167
3219
278
2953
452
3860
3490
3845
2124
1341
1030
406
1486
1913
713
2235
1861
3935
2634
2149
2791
387
1164
1749
3464
2770
3339
2520
2699
810
3798
247
3899
3678
3309
293
1377
3886
3637
3275
3228
3379
3224
1412
2140
3243
1001
2999
3712
2262
1706
3347
1983
2901
3269
3022
2967
1613
1567
2785
344
2475
1222
80
93
3843
1877
1953
3482
1942
3481
2224
3190
2311
898
769
807
1296
3936
579
1132
571
2151
99
3514
3302
2899
2796
308
3345
1759
2137
3979
193
3679
183
3151
2161
935
1911
752
3168
2316
1575
899
3980
770
129
470
2407
687
1231
1044
3953
3335
3552
2842
1292
2777
588
3813
1583
274
1800
2359
1758
1040
3080
1133
3670
3175
2794
3128
1172
1950
3042
1370
1179
125
3046
1050
2718
3941
1458
657
67
1438
1961
2798
1672
3069
2844
2033
2613
2544
2894
1490
1459
1080
1776
184
1696
3478
3957
3430
3001
3833
2373
1416
1242
2781
1152
797
1946
549
3375
2045
2423
2983
1762
1101
3701
3909
1577
2893
3599
3893
3314
3728
720
144
455
641
3414
2978
428
3438
3727
1316
2727
2708
2513
439
3480
2284
3394
2758
302
3568
2518
1169
1470
1958
3369
2060
3148
3260
416
2757
2375
1320
469
3121
3378
3520
362
42
3439
1002
878
583
3104
3257
1541
3193
299
3546
2575
560
1386
3895
1281
1200
3285
999
486
2573
3171
1332
1772
1955
3120
3508
228
312
1559
1710
828
1875
3208
737
676
347
983
185
3053
1784
3877
1107
2288
1665
3124
762
1788
2795
3491
723
2468
3881
1159
3535
3704
3368
3832
1155
1901
163
255
2668
2260
313
3499
2635
3424
2768
3078
2676
692
197
932
62
1697
2326
2801
419
3749
614
3760
3734
369
2484
1991
3321
3204
529
536
2694
2775
3872
2139
1362
3613
3399
2567
343
3928
2581
3906
2551
1805
1156
320
557
772
2962
3071
483
2714
740
2410
2252
2748
1114
584
1420
2067
660
1921
2546
3506
382
1898
271
2681
3558
3396
3256
2619
2761
2814
1623
463
1226
3308
1489
1085
14
2703
900
679
992
393
2133
1910
3660
408
2652
1273
1287
728
471
2784
2811
1536
2029
2011
1293
3201
300
3386
2131
2847
3740
990
2942
1325
1802
1398
2852
1912
2154
1119
2750
3248
757
1888
3868
3123
2541
2404
2969
3797
3329
3729
2616
959
3032
3265
2061
1301
1537
65
2427
516
615
2270
2665
3948
3918
1600
3278
1453
317
1211
1986
1916
448
540
3131
2538
134
697
3441
3792
1674
494
206
2457
2347
3902
323
2536
3943
472
2005
2157
1171
3993
1394
287
3761
2046
1964
3334
1535
1302
949
872
711
1597
85
2380
3901
866
2437
3533
1743
1996
2464
473
622
2231
2832
441
1689
640
97
1662
1452
2726
356
2232
963
2227
630
3914
333
2524
1941
120
2525
3549
2332
2108
480
2431
3498
834
2170
27
2173
1680
1721
1003
2400
2044
1465
2040
1929
3824
86
1860
2680
110
1642
2593
808
3666
1653
377
2111
3442
481
889
3405
2902
1345
3271
1064
1258
1173
760
758
330
3074
1122
1783
3800
485
3355
1587
3
1507
2072
3450
360
715
2350
2026
3673
844
3923
2675
1185
2803
1851
2369
2393
3253
1663
1797
1234
729
3294
946
1546
1330
766
1563
3041
684
2479
3733
649
128
2298
3683
3392
3912
2907
3665
1356
3373
2355
487
2868
2585
1615
437
294
3897
2421
3370
1004
3492
558
3766
1066
145
2027
1329
3892
3039
259
1963
1617
3735
1205
1572
23
1017
383
339
260
1127
3984
3236
521
2126
3487
98
2932
1742
2245
2972
951
2808
90
2082
91
3925
1985
2138
2648
2599
2511
1532
1974
1418
2304
1461
3978
178
777
2181
2512
2218
3885
1570
1551
1588
3581
3160
555
1403
2159
2938
3150
73
2916
2923
2559
2860
3161
267
2622
1148
2048
2965
114
3588
1534
534
956
2739
2879
2700
2024
943
2088
490
2572
2618
1857
201
7
2561
262
491
3448
974
1686
420
1661
1223
2535
2117
593
2321
2383
2985
2500
3203
778
2529
871
2237
1137
118
1160
3217
1157
3454
744
2961
2563
451
2104
2481
2458
401
1206
3010
1891
790
2624
3614
2285
203
1821
1739
2857
1031
3103
1887
2843
793
1028
1312
3101
2930
3085
524
167
2329
2219
3542
3915
3688
137
2654
1513
1914
454
1549
370
3794
1650
3443
3578
150
3076
1277
1881
25
547
412
1814
3326
2933
1526
3731
3242
1245
1905
694
126
2342
1693
923
3586
3869
3304
1469
663
2318
2376
2390
2531
3977
3618
1089
616
880
1299
2996
1025
3810
1726
768
2471
3094
1326
1033
2038
3425
3398
626
1602
573
2076
3693
3019
1270
3974
1243
3199
1804
345
2723
928
3340
1951
64
526
2579
3585
283
3525
2491
619
1072
1196
2254
892
429
3466
141
3100
2644
535
334
3628
1491
465
227
1633
2856
2013
3746
70
1134
2993
3406
2516
1248
3447
1781
1660
863
2062
967
2300
1177
1838
3182
3146
3933
199
1817
1832
2301
2223
2328
1504
939
1208
3496
1565
3179
3072
3699
3384
3812
1540
384
2187
305
1048
3502
307
1146
3804
796
2725
2975
3114
3847
388
2737
1147
3344
2642
2012
1121
3504
2195
2669
478
3772
2240
3423
1011
3272
81
3875
2943
2762
1108
1774
1415
430
3866
523
3469
1256
1138
102
2692
2438
1516
191
3515
1079
3601
34
3567
160
3118
2908
2191
1210
922
3342
2463
1081
461
449
3254
2179
2882
3186
258
1634
2070
936
2220
3050
2741
1090
2261
3286
3550
12
2148
1128
2730
1324
1590
1655
3878
1060
2670
806
2246
1404
1786
848
361
677
2331
282
1165
3598
264
2008
2085
3741
105
1906
296
2910
2666
3630
3570
2526
3696
1098
2990
3801
1811
1799
400
1924
2075
2517
3463
2177
2919
637
2828
2206
418
1767
1371
608
1562
1656
3662
2712
3089
941
1383
2892
2651
3955
3281
2428
413
511
3645
712
1176
3191
2176
1456
3989
3401
3322
3643
3592
672
392
3755
585
826
1727
1936
2662
2095
3986
2963
1508
3436
2472
3013
2503
2629
1820
3705
1336
1142
2207
394
837
1873
1675
2234
2155
2799
3619
2059
256
1835
3939
2890
2909
877
1303
2557
445
2135
2663
1447
3159
931
2096
1096
1193
3773
5
1872
2446
2265
1917
2547
3028
342
3867
1305
3751
2889
15
3132
1616
57
3661
721
1688
3209
1803
298
3564
1511
1289
1437
749
1965
1463
1746
1595
2819
870
3745
2226
2360
572
2031
3724
2100
1496
1702
2415
1043
143
1892
467
2028
3988
1722
3608
1139
2250
2621
934
3493
559
921
2083
2041
3787
545
2711
3300
3488
781
2960
3511
2064
2486
1355
1859
1441
285
338
2583
386
1791
3876
2363
550
802
398
2957
1395
976
1224
2217
1498
1237
1075
3669
372
2178
1545
3301
2039
2888
1487
508
443
2032
2092
1062
3077
2812
3534
2480
1385
1483
466
638
3264
2997
3849
647
2609
348
2584
2519
2514
3545
3572
3038
1254
3227
3621
2690
661
1579
1110
3413
3714
1806
164
3383
1343
3324
2664
1388
2315
1364
373
1876
44
3626
2371
3672
2751
3583
3858
2269
1506
3870
736
3655
3025
3932
3058
1304
3663
675
103
1582
2766
702
3319
1272
1261
292
482
1265
1751
2833
171
3000
1141
2242
1099
13
101
1029
1460
2721
2657
3927
2952
1547
1539
3814
2805
1614
705
2838
3200
3358
2485
2946
45
636
1337
3908
2210
1652
1988
2357
3268
2473
1886
1940
1543
2683
1010
3433
3075
883
3721
3470
2236
3341
853
1775
36
3109
1719
2904
3007
319
3008
3805
2069
2417
2760
149
2620
263
94
1576
1259
1505
3606
2685
59
1553
2858
270
1192
605
3836
1091
1174
1042
2877
730
919
1768
3234
414
1450
3597
3420
3879
1038
3479
1745
882
1611
3187
748
1049
1111
3829
257
590
691
1367
3874
2859
1822
2746
2006
879
1051
3005
591
1009
3561
735
1216
2825
3681
867
3489
727
177
1893
1850
2127
2314
353
1866
838
2272
1430
2221
2818
3748
3374
2198
2424
800
281
3850
3016
240
1263
432
709
1725
875
2552
1895
1604
311
295
3415
2496
2074
658
2118
2922
1669
1076
1359
3968
888
2368
1605
981
1625
3446
947
670
241
3054
3056
3846
3197
3026
1479
1585
3992
3831
3769
3616
2395
51
2324
3377
39
3838
836
2394
3244
1349
3551
233
2263
1902
3251
3649
1123
364
1671
2453
3873
1818
1714
1945
147
3380
3929
3653
1592
3894
1126
2673
279
1274
3062
1855
484
2522
4
755
26
2050
566
2454
3336
784
2542
3037
2099
2037
1525
1476
2197
743
1779
1716
2834
2087
207
88
188
2112
830
2981
2831
857
2905
2592
3554
2976
1701
2550
3795
2924
3759
2465
2128
3310
1527
1429
1933
1978
2881
1396
3924
986
1698
2266
1203
1750
0
606
1863
2302
3999
374
1309
3024
152
132
2460
1209
2268
2955
1812
1214
2934
1957
3944
1780
3476
1923
1979
2305
1581
2153
1013
530
3698
332
3536
1005
3730
2007
3453
3059
3139
3261
594
738
1067
316
3216
3163
502
1207
957
791
496
3018
1756
2569
96
1389
1150
2047
1311
3389
82
2917
3252
512
1678
1868
2378
1515
2337
3840
3408
180
1282
3231
2887
3857
799
2716
1260
553
3501
2450
315
985
580
1314
3246
2774
788
1514
522
2530
861
1485
2470
2476
1639
2964
2103
646
1238
903
442
613
55
3757
166
3235
586
379
3365
3088
3871
2385
2597
2204
3279
1548
2000
688
3122
2116
513
1024
1867
2617
3716
2440
920
3694
1807
2639
1657
2780
135
1373
131
1317
352
895
2409
2672
2767
1475
3082
1094
208
3799
301
214
825
1354
3839
2366
1180
1709
3950
1819
1333
1531
501
2109
2225
3596
3043
2571
63
1499
3475
2391
577
3702
2979
1596
3600
146
1989
3949
1764
489
3560
341
1077
2086
1186
1036
3657
2824
2885
2937
3920
1538
3290
1752
3154
248
3507
3292
3181
2122
1424
507
2986
2377
611
3098
2797
3962
1308
1346
66
1703
3452
896
2330
3461
3133
1195
104
190
891
3226
2630
1755
1392
3743
1628
680
3864
3540
855
3784
964
106
656
1057
2647
2267
906
732
3002
1058
1907
1609
708
50
2627
2931
780
2623
2523
1900
2606
340
2023
2776
609
3940
1113
2042
1501
3639
3055
725
1679
376
1493
2113
3364
3851
2765
3158
2020
151
533
3553
3883
1884
381
2704
306
581
2244
2966
1878
734
1685
1558
1136
3086
3970
2435
1045
2987
411
2636
1712
1221
654
3484
2778
3291
124
1635
3206
331
3259
3360
3965
3472
3416
1497
902
1056
750
3791
874
3732
3426
1744
1252
3295
991
823
2353
2422
3887
3580
3541
92
2861
1102
2920
2165
2036
1183
3395
1402
74
3742
2566
148
2439
1598
2190
595
1651
1390
945
68
901
84
3049
1647
435
2147
987
610
3351
1533
3807
2605
268
3826
2379
3004
562
859
1844
1735
3457
140
601
378
3407
3587
1896
2504
3221
1188
696
621
2772
1347
1918
2667
764
1070
2982
3990
774
1421
1233
910
651
520
24
1510
3432
3060
1306
1191
574
2849
3417
597
1670
3145
3095
239
1414
3667
1340
1279
2940
847
3135
2759
2829
2717
1550
2900
1432
3837
404
2080
2188
460
3023
3276
78
1071
2336
1825
1063
2968
2604
2306
2406
72
2256
2705
3293
3646
3102
2249
2734
2809
3456
575
518
3421
527
1816
1401
2912
1854
2742
3140
2945
3656
1646
3809
3232
476
2098
2771
2202
2414
83
2570
2600
2078
3044
249
3624
1158
3390
355
2389
1790
849
1922
924
2720
3431
1823
1368
95
783
457
204
1926
2093
1175
1124
168
785
2129
3512
3012
2352
1970
1947
2356
1417
3207
153
915
3106
310
1154
2502
2562
598
2926
2589
1387
1980
2822
1100
1937
2049
1834
3609
1976
2209
3267
3738
3115
1190
3717
3703
860
2158
1446
710
1748
1344
3400
111
3650
3403
1434
289
682
477
587
1624
628
2788
673
1894
3210
1715
1682
1225
543
2696
2638
2810
3947
1578
3367
3961
3289
1366
3517
3315
3172
1053
20
3919
2273
3530
2970
3629
916
3318
3165
31
158
1862
1999
3891
3750
1659
2408
3685
3211
3366
246
3363
3695
1257
1737
2280
1643
2951
576
3700
1813
3332
3625
113
223
2194
9
3610
2077
3841
242
196
1848
1484
60
1810
2010
2884
977
3240
1266
1763
1554
2180
1014
625
3938
2001
2362
843
3299
668
659
2199
1542
3198
1692
873
46
1217
1433
1944
3566
2418
1503
1564
2510
2851
1264
548
700
763
321
2533
2162
2019
2732
3241
2948
813
3855
115
1105
1278
1448
504
1632
179
272
238
683
3802
2257
787
48
612
3189
3997
1095
