376
777
3487
309
2742
3054
1403
2214
447
2243
1168
1519
2654
639
1160
3855
1892
2483
255
3462
574
746
768
2058
378
1646
794
905
3381
3216
1836
269
3055
2760
1984
2007
2668
679
1881
2638
3022
916
2497
3874
2067
3422
2974
3502
1246
3604
5
429
3311
1512
707
964
2724
2248
3863
991
402
2940
1010
3484
3423
2332
599
2454
1007
2452
2987
785
2463
2686
784
3355
2658
3030
743
3900
2188
348
3529
3166
3534
1913
2699
2889
3662
2991
2000
1742
1940
2975
597
488
1947
1536
2890
856
3786
2550
3961
1841
125
2116
2815
2973
3360
1360
2878
3344
1486
2276
788
2902
3067
2445
3145
2616
195
2737
294
2066
2758
3432
3386
323
117
2176
2983
2562
2913
1709
696
1204
2175
2037
3357
426
669
2042
658
961
80
3419
324
3469
824
3096
1905
519
926
83
21
2073
465
2556
3656
146
466
884
1518
1991
726
3871
818
573
828
3902
3364
82
509
1092
767
1135
3159
2245
2338
396
3669
54
2226
305
2976
3016
858
2420
387
1380
2813
729
2271
3615
1139
2441
3053
654
234
112
