3963
2008
3640
2951
2609
2885
504
3611
2439
2973
210
542
3412
3067
58
802
2588
1674
3604
2998
1165
1813
2089
737
1298
3000
90
1232
2947
1587
75
2077
3081
233
3901
2615
611
3048
2740
2263
3179
3220
1692
935
2369
2296
12
690
2104
1486
2778
1466
3152
3284
1352
215
1730
1664
3713
3483
1262
3953
3302
780
3895
973
3236
163
599
2208
2249
3237
3642
3601
3939
3272
1544
1135
2279
385
1410
1854
3244
2561
1190
123
1632
3803
2981
2850
1838
1423
2299
722
267
3926
2069
1100
746
3522
3907
3987
1033
705
2589
1539
168
241
905
1867
370
1095
2897
1914
1261
1058
696
906
2502
3682
885
2060
549
734
3275
230
2082
761
3846
1966
1551
3970
2705
1743
2517
1735
3985
2728
176
2094
3808
1284
3783
3405
3662
703
3594
3088
3217
460
2070
3058
3211
3076
2193
698
3898
1091
1211
3920
1362
1534
1394
3277
2538
87
1992
3267
2625
1378
353
3052
2791
1946
856
3617
3866
3112
3569
2934
3281
2239
1980
3887
1677
744
692
3318
2066
3593
1770
1150
443
3024
1669
2768
8
1460
2000
1683
3561
3438
3269
1916
2605
2789
3792
859
3335
3105
254
742
2201
40
1172
1202
2071
3077
2297
2300
2968
2636
3769
745
153
3711
3728
3279
624
2802
2340
643
2808
1751
2587
2214
3289
2766
2844
641
958
3880
1407
671
3309
2428
1695
1301
2924
461
2455
2136
3921
3781
142
3249
1538
36
2488
1145
1848
2159
23
1584
2796
1513
600
1424
1115
3574
1395
3415
2209
1691
1996
3460
458
307
793
1019
2769
124
560
2966
3862
621
1151
285
479
845
2602
3853
998
2903
293
801
3519
3416
1621
2452
2868
2266
1873
1713
91
2303
2822
3760
1940
3512
979
1361
3678
227
543
204
2670
297
1702
1764
3547
754
2797
3288
3620
3389
2919
647
1403
366
309
2222
708
695
629
509
2323
3834
2311
951
2454
1821
2931
1412
1516
3787
3805
1676
94
877
1238
1430
764
1114
17
3413
1708
1814
1353
1739
1609
1040
3824
2427
1243
2541
765
1219
4000
2613
706
810
1785
2347
3373
67
69
589
3674
1338
3527
1878
1293
3240
3727
1859
3521
1898
3526
2595
551
3255
222
1482
2096
493
1079
1109
2453
2223
