1009
2083
1639
1269
3493
1507
2114
2341
3265
367
1922
2625
549
3609
2048
2332
1402
1183
3157
2394
3552
2314
3520
441
186
1626
3107
1030
1589
3143
975
247
3351
3614
3966
1740
910
809
3557
2421
117
84
1814
2034
2652
3417
1148
1410
1333
3106
76
1450
3437
194
860
1048
1079
342
3691
3409
1758
592
3296
978
3785
3485
3513
2016
2558
3858
2771
1479
2420
1924
3112
3711
3615
1529
2999
3116
3100
1949
3779
1812
3270
2184
1974
2613
3793
2482
3554
1630
3334
2131
3753
3
164
610
3976
1210
1555
2527
2071
2486
3252
2431
2179
3222
1153
291
981
2224
2973
1469
2406
161
1031
2188
2416
527
2049
3282
2525
3075
602
3027
2605
1567
2748
1045
415
593
834
1337
22
3769
1347
177
447
886
3892
294
1655
3320
1349
2344
3510
457
760
2378
64
3548
2322
3122
2679
248
984
482
2383
40
698
2381
1093
1528
430
3175
56
1278
1498
2122
927
3776
2730
2076
2397
3092
3367
2177
350
3529
2907
3625
1602
2821
1372
3416
2755
3592
1312
2831
1786
2879
2438
3895
1227
601
2813
3477
799
2694
2726
1107
1099
2103
2628
635
3046
929
109
802
3630
2614
1228
2082
810
1004
2226
1303
3930
3968
2444
913
172
1167
1668
52
2070
776
356
464
2860
3580
723
1252
3043
2497
2651
2762
2519
2228
598
2196
1573
1971
2451
2493
2203
2835
2646
2668
277
2557
1669
257
2648
1136
454
2791
497
2543
3134
2666
85
2910
238
1795
3176
1299
386
3209
520
890
3160
3919
551
1853
1563
2702
3055
2845
3188
1810
937
211
925
3851
2792
2552
1940
1987
3149
1670
1770
3464
2121
3673
1803
3775
3560
3975
2994
3799
3081
1585
918
3266
2216
3583
3189
309
2829
472
1351
871
2281
692
676
2465
1607
3406
295
1996
107
530
3825
1871
2757
2859
771
266
641
2013
3571
599
962
2545
3982
2681
2
663
2412
2072
1553
3331
3821
1717
2692
1895
1170
1103
3419
909
803
3056
2785
3090
230
1118
3002
2567
26
48
1686
2649
2424
1127
3694
3308
159
822
2687
2221
3407
566
3155
3285
1985
558
1595
1356
3370
2856
192
13
1301
2347
2544
3525
3224
2647
3509
2229
1141
1785
3805
3330
848
1376
3989
2010
3996
1240
2233
1759
112
3864
316
3203
1736
2019
3862
1863
581
1069
489
737
880
784
2180
1559
2491
1421
604
3832
2504
3893
2181
369
2165
1554
2409
3744
2296
2908
3763
744
2921
3912
343
1517
155
146
2954
2522
868
1244
3184
2541
3375
406
2350
2959
1518
354
621
3736
2236
2270
2759
960
2953
3004
1844
613
148
857
2535
135
1919
3811
1295
1168
2758
2529
2876
2660
2548
2217
167
3301
3983
2998
900
3960
804
2847
3939
2463
3714
1261
791
2515
1891
2496
3986
1146
1179
45
3956
3538
2946
1957
2658
3818
383
2689
1122
747
1110
3512
2210
2028
242
2693
2439
2951
479
2993
2741
421
1207
3014
3062
280
3080
3403
509
811
1724
312
3704
1760
3377
1427
1007
2150
3847
3579
2940
405
2128
3342
576
2331
3666
836
3631
322
3652
1526
3173
875
300
3272
1975
2117
1385
903
3734
686
952
2106
521
1801
1174
2249
3507
1646
3528
1624
3145
1275
2517
1869
174
2251
1538
1958
2113
1572
2291
3161
969
2005
2120
3389
431
2295
3399
3059
2918
838
943
3526
2720
3577
1503
171
51
3791
3345
3934
1085
1177
2240
3275
328
2164
1885
954
3048
2903
3964
1666
1787
3733
3461
3943
19
516
2964
619
2109
2667
3382
3539
433
785
379
1578
1727
1777
3765
3232
2348
2604
552
1753
261
3739
1649
3332
1132
1082
2569
3207
3383
1381
2098
3649
3480
2743
314
877
1660
2320
2698
1472
476
1003
722
773
1997
1737
2300
1994
1234
1116
1659
750
355
2904
2067
2259
488
2571
43
917
33
1133
1279
15
1782
1484
3827
3136
1273
2530
1543
2182
3773
3200
1865
1618
3218
2684
1241
788
158
2911
3007
2585
1968
2243
3997
642
2696
705
1807
2087
758
3532
1606
3035
2292
3337
685
2665
1346
2901
1564
1798
2283
650
3955
1329
1258
1162
2623
1094
2061
3105
2366
2612
2764
2933
1883
3348
1249
1523
1323
522
1206
2267
2026
3197
1155
2442
3029
3227
2836
3653
2044
606
2162
278
3371
732
2875
1043
2970
1581
2939
1150
1073
2003
3902
3053
956
90
1914
2793
861
2703
24
2840
735
881
232
2242
835
2750
1929
3817
68
3709
2241
452
3498
1999
2326
879
1711
2294
122
3590
1893
301
2474
3813
