2950
3137
3528
1532
3149
375
76
3054
2017
2380
1
2304
3908
479
3105
1938
1852
190
35
2422
2198
1141
3419
1599
1163
1628
3002
449
3163
1310
3617
1174
1080
911
384
68
2941
1440
3241
1410
2666
787
1177
3438
671
2760
3556
3345
342
352
1386
3871
2421
2141
569
2232
2188
3526
3261
2812
2412
2768
1660
1020
732
3905
1766
3536
1669
1736
1094
2405
2102
1090
3762
3037
380
541
888
2705
2570
1806
1967
3185
2802
3018
3753
2364
3376
3044
3302
1207
1253
1772
3564
779
3961
523
664
979
2082
1956
2204
583
2305
1328
1921
397
3055
1519
525
3089
710
465
832
233
3845
102
1232
983
56
1701
148
2603
2821
2976
1898
2134
825
3821
1790
246
1051
3616
1801
1524
755
855
418
1046
2091
2979
3674
2569
3222
3736
2592
654
351
1710
3955
2075
2286
1969
2866
129
849
858
3448
626
707
258
1557
1578
63
1001
1903
2487
1148
2808
3400
1773
2408
1405
3914
344
691
869
3263
78
1881
2163
2770
2197
3155
1689
1066
2935
1068
1273
1015
1205
2707
935
633
3176
549
48
3921
103
155
3987
1233
716
1649
3332
2000
636
2965
605
3485
3820
2517
47
1860
371
2121
3284
2750
756
1609
221
543
2848
632
2595
1957
3378
1946
1552
156
3111
1459
665
2460
133
2302
447
2786
2452
3487
1390
2778
373
2896
2977
803
1922
3039
2691
1945
2278
1641
2238
3890
1223
294
3320
2360
2239
2128
2347
2708
2756
1977
3363
2891
2059
1036
1442
3673
1526
2450
1811
616
1153
1686
3742
3361
3212
3097
345
2762
66
3689
3254
613
1891
2358
3888
2982
3509
2316
2107
4
903
2975
3219
464
368
2206
1012
1581
116
2411
2730
88
2649
2831
1512
484
3329
276
3203
2720
3610
712
2797
3793
2985
773
1381
2376
3858
1536
2530
2463
2414
3671
2270
1062
3575
2885
2577
2596
3652
1672
1342
34
3080
3229
1849
639
3085
3175
2027
2616
1538
1323
3535
1251
941
2597
3964
3127
3299
3234
2179
3279
253
2483
2580
2610
3766
2693
829
3874
763
920
648
151
27
2176
988
3698
165
1988
3390
100
208
2159
785
1414
3020
1914
3625
2860
1756
173
1495
927
3285
3517
205
2022
2689
3389
1750
3778
1476
3984
2871
2129
780
2057
3272
1585
1099
1134
1008
2550
1192
2872
62
630
3109
2327
565
497
2069
263
558
2087
1940
3063
3292
1907
548
1014
2400
786
2675
2264
3989
2908
1363
2350
1200
3252
1477
1623
1263
1846
98
1385
3459
2389
2028
2515
305
32
816
2166
383
1188
2037
2157
3304
2112
2774
1101
2386
1258
3612
1645
3387
1098
1078
2290
482
46
222
3331
791
3351
2742
1333
2342
385
3768
2476
1438
336
280
248
3935
1677
18
3589
3651
2279
1146
3441
2300
1040
178
1943
572
3883
2578
2139
948
555
1081
3700
3580
2285
2416
3355
1408
2631
3898
3268
147
1075
3872
1643
1396
3994
2553
451
1631
1800
1684
922
1069
3951
1759
2861
2566
250
3734
460
2219
1039
3433
3834
2207
1194
3829
278
3495
3824
37
1986
3787
2639
2836
3828
1117
720
2247
3489
3838
44
2509
1484
3021
3810
1758
2670
1876
653
3094
612
2672
933
362
3106
2484
2275
1858
2804
2805
3715
2339
1144
2665
1306
3554
2034
542
1520
2150
120
3116
1130
2648
2298
643
2
681
277
459
3308
861
3560
3011
157
3298
606
875
1656
1975
394
3133
2846
438
330
2185
61
2143
3429
3839
2244
1186
2375
2271
1633
288
158
2446
1856
1661
2438
251
607
2634
852
3776
3650
1126
1185
2216
1878
2990
1657
1740
1206
2098
2535
388
3683
1767
1664
1341
800
3131
2638
1507
3398
1911
1567
1508
210
2186
2531
1525
2513
2547
2869
3587
3101
3224
3070
1739
1105
2878
3960
145
3968
2190
754
134
2024
2480
1157
390
3260
503
728
3677
386
2477
1568
49
695
505
1979
2585
2274
2910
7
2576
2032
3732
3384
2008
741
1067
2961
1321
3802
1088
2287
1830
1122
965
2311
3962
577
2191
90
3806
2656
3168
1583
1665
1604
2329
743
1364
2202
162
2106
1217
2874
2407
1566
3098
3662
2980
3939
1620
316
3549
69
1741
2711
3826
1841
1737
2196
14
3611
3240
586
768
3099
79
3077
2151
1473
3837
3472
2479
1514
11
3545
3511
3500
1103
2710
2092
2534
2035
658
203
1909
1574
2440
3558
3327
1354
2025
1491
3670
918
291
1734
23
410
614
986
1516
1549
2574
3449
3470
3531
3544
3647
1968
3483
2051
937
1013
3243
2142
560
3646
3729
2308
2180
2472
212
495
1795
1883
1762
2018
2323
2575
2792
2875
764
3773
3414
1932
3805
686
141
1980
3256
2168
187
836
984
3246
311
3692
1863
2529
3969
2763
232
3519
2172
1371
853
3515
3855
2820
412
2088
1839
269
2456
1048
1201
2140
2544
3471
3789
329
512
1191
3141
3365
2953
921
3134
2745
1010
2685
1723
2704
702
181
2353
3228
3330
1161
3058
2594
2989
3353
1230
2738
2951
1882
652
3297
2584
3539
597
337
3909
1753
2213
1056
3178
238
3031
3251
1895
299
2962
3403
2586
588
491
3635
3533
2669
1729
3970
2653
364
1866
3494
3352
3741
2208
3468
3605
1319
2038
1901
487
3550
3690
1848
557
3594
3581
189
3971
1513
949
2315
2243
1870
1247
519
683
2933
1118
2318
3697
758
3578
2426
2228
3488
1789
1331
850
1322
1089
358
3608
848
3415
2223
417
1847
1336
3788
1179
3313
3410
3264
3451
2153
2248
355
1011
3377
987
1871
3442
1296
228
326
2646
3209
789
2761
1936
3985
3125
770
1132
1547
2212
2324
2147
2784
2968
3566
1872
761
3752
1931
3743
73
414
2293
2273
1622
2771
60
2448
907
2068
1663
2391
994
1079
2292
2583
999
1675
721
1065
1419
2678
2233
2899
3664
3274
1692
3706
2673
1877
2791
1509
1229
3205
275
1245
2936
2572
824
947
1555
524
2014
1636
910
215
3307
573
1303
488
1193
1683
3143
2435
287
3513
2563
3728
2355
3145
1785
2214
886
3938
140
1170
2752
1063
545
310
2328
2291
3456
1565
2793
2366
3386
3716
3878
2618
3659
423
1602
3714
3956
2467
2839
3422
2167
1239
509
3889
678
1632
1595
3271
709
1084
2617
1494
3920
393
2104
55
2372
2040
2237
3347
3215
2473
1976
1413
3016
2543
204
3764
2365
2110
3875
2782
2442
1224
3161
1885
160
2642
1611
590
566
2451
302
2064
1954
3079
354
2173
499
1879
2981
1589
3857
1199
122
2281
1156
1159
1212
93
3660
924
2706
3568
3022
1031
3777
3119
1110
2926
792
366
3066
1695
2338
3162
2062
3478
3623
1324
26
3668
1594
578
946
1704
442
3123
2551
598
2026
1774
2838
733
599
1446
2267
3113
3923
989
3596
2974
2445
1831
3873
783
3767
529
1571
2625
331
2932
1384
1506
1135
3866
1607
3388
2753
1406
2334
2709
3290
1077
797
1808
3053
1022
1829
2629
1415
609
3337
1837
2621
2382
915
1726
105
2998
493
3893
2124
2229
688
1282
379
1387
1470
820
866
897
314
517
2999
2381
993
1775
255
1743
1182
106
3894
1219
3877
1330
3435
3864
2475
1198
3505
1517
3958
399
213
1596
778
2105
730
1391
3656
2101
514
3680
3469
2200
2813
2552
244
377
2430
1019
274
2253
2942
508
3012
3169
3658
1838
1950
3354
1298
3790
1270
1208
1257
2310
3195
735
2733
1376
2522
1989
1924
546
3188
2478
898
1947
1086
887
3428
1005
1887
1503
490
2109
878
3230
2156
3182
3464
981
796
3253
3266
3038
717
1004
2715
2579
2581
3064
1522
36
985
2898
2283
2541
3717
3457
416
1441
143
3201
3227
3368
3911
2883
776
799
2307
3606
1037
3710
3040
114
1792
2777
2826
602
2523
1302
137
3289
2250
2758
3913
2397
3636
1731
3001
3051
2537
1305
1990
794
600
3644
3604
1467
1325
3416
67
3761
2227
2046
1173
929
2601
3326
2465
2719
2911
1960
3291
3907
3804
3277
353
1210
971
2466
2884
3831
3993
3006
917
220
3033
1973
2455
3370
1544
1225
52
1718
1120
199
363
3865
1434
1340
516
433
3602
659
2683
1119
3727
784
2680
2840
3397
1888
31
635
1854
1178
144
2356
2201
2230
2542
2090
3633
2606
268
846
230
2651
1624
3432
865
3184
1059
2241
2368
1027
1917
1312
407
3579
2949
2502
2377
3265
2284
2449
2956
3655
2504
3693
818
1991
1937
1809
2873
1712
668
1573
2867
3963
323
2262
1900
1149
617
1358
3926
2076
108
863
2002
3318
1061
3737
2699
2371
1928
940
2058
2344
312
3705
41
1226
3032
3541
2061
3812
243
45
839
2174
1819
2454
3270
1563
2030
1958
904
2993
1045
2803
2050
3823
3975
1865
3138
1545
1720
3771
3944
1817
3521
1963
1025
2074
553
2988
1474
1694
2080
3514
413
347
1927
2904
950
1548
369
2499
1266
1250
1630
2640
2622
1605
2938
978
955
3104
826
3933
3151
2568
1096
1942
177
2688
1044
3701
2947
3942
1227
977
2889
3833
906
128
2847
281
3177
1966
3310
339
3781
3122
334
2994
3391
2398
1824
3
1285
3344
161
1348
3286
3621
857
1262
136
3474
1699
1460
111
2384
2954
1203
952
830
3725
3050
805
1394
3153
1091
934
1187
3576
3423
2780
1252
585
3148
3808
1368
3943
571
1337
864
1399
2470
1172
2600
3593
1722
2870
485
3702
1433
2906
112
3436
3407
1493
3885
2997
2731
3723
2354
2458
480
1425
823
2225
478
33
1350
1092
256
1711
1073
338
3259
3427
2810
1771
1791
3903
3547
3095
1392
1993
3034
225
899
667
17
1500
13
690
70
3965
1412
1116
3170
2628
2779
3443
3238
1076
252
293
2393
1498
969
3088
1373
3687
450
1510
3189
3160
1533
2851
2084
2094
580
3850
1844
2903
2984
3685
1309
3869
1593
2916
2021
1537
1724
2137
1290
218
3306
1430
905
1308
851
3092
1556
428
2987
174
2832
2894
395
1424
3374
1637
279
1680
1228
3090
3667
3210
2692
968
419
1283
2423
540
1634
923
2647
3067
104
1295
3379
1393
1016
324
142
3486
411
82
3015
591
2591
2929
24
3179
1463
109
1587
769
1029
3785
1554
838
896
2332
884
589
811
570
719
3062
2063
3506
1798
1780
1049
2829
3196
166
744
3325
3530
2528
39
2282
624
317
119
2556
693
304
2516
1646
455
318
847
2164
729
3759
1294
1293
3967
320
619
964
2958
2462
2325
3688
2536
2934
404
1033
3359
107
581
3507
2471
359
1395
835
3867
1861
679
191
2519
1000
724
2123
3073
817
3868
3462
2070
195
3638
231
608
3364
1588
58
2652
2645
2072
492
2853
3769
2819
3381
1608
2952
2043
3142
3891
1725
0
3350
2671
976
2432
2170
325
188
2712
2886
2249
3225
3862
2004
2362
3615
2667
3796
1534
1326
1541
3565
3009
615
2923
2036
1478
2785
1974
2269
3895
2003
496
3744
1260
2901
3590
943
408
1106
2136
2657
2814
3641
117
1343
3757
1021
2995
2644
283
2085
618
3892
3609
2044
1316
666
1697
2636
762
661
561
881
1944
1301
3490
2486
3584
2083
1481
1421
2676
21
3546
1764
3912
2266
1003
87
3233
2177
504
3946
3972
622
3945
1612
3516
1278
2120
1006
646
2703
2613
3431
885
343
2497
3245
1388
2764
804
422
1461
1597
2876
3402
1357
831
261
2160
870
2700
788
2701
1906
431
1204
1546
2959
3730
1714
1100
2619
765
444
2119
1139
706
2118
2133
468
2424
2402
568
3069
3068
1318
1108
346
2428
928
3108
1610
2816
1112
1018
642
2924
307
1242
2346
3881
2041
1487
1793
1951
2766
1329
856
1030
3117
446
980
1893
2459
494
9
990
2650
2005
2340
2907
1629
2986
3392
437
3338
1540
1462
1933
1804
1082
1531
2474
1502
1095
2500
1981
974
1339
2624
759
1277
1752
2740
1369
973
3207
402
2930
2815
1814
367
1913
746
1592
2276
1864
180
995
3577
1221
2557
378
873
224
3937
1782
3187
1797
1380
3798
2506
3854
1338
2169
2612
2879
470
2602
264
727
3334
3794
1916
387
1639
1698
313
3204
1345
502
1586
2345
1311
1763
2925
3139
3269
3194
2863
3157
2992
3466
3165
1843
2854
169
772
3847
2970
3543
1428
3591
1218
3607
1670
3208
3281
2725
2732
2964
240
2390
2363
185
439
3156
966
621
2125
3076
3199
1902
3721
2538
3349
1374
81
840
1166
3983
349
2781
3124
1313
54
1984
2589
445
781
685
2684
1334
3336
2967
3036
2100
3484
3237
1826
2444
1365
1451
153
3801
3220
1880
2181
5
734
2806
3278
3986
432
3309
628
660
1464
610
3948
1886
1180
2548
1093
396
3966
2830
3746
1892
89
515
267
3128
3981
901
2902
125
3618
1501
2900
595
603
3676
1234
1941
2744
1449
801
1823
2301
3695
3817
982
2783
1420
2242
2737
862
715
3061
1486
236
640
1064
3258
3791
3803
604
680
1053
2489
1713
956
1835
2511
425
3537
2882
3493
1035
3991
2931
2194
1962
2818
2939
1259
3586
2620
3136
522
1026
2296
3719
271
3046
2776
403
3146
3008
374
2039
1676
1600
1284
556
2257
1810
96
3599
584
902
3226
3856
3720
2220
1693
2314
1779
2890
110
1635
262
2254
3084
2713
767
3242
3947
2099
1855
429
1281
3902
582
357
3622
1778
2664
3129
530
1807
1783
1404
1934
782
2723
3551
3385
1995
1667
808
2837
3669
3236
1402
1765
2564
3711
1652
2960
242
335
3929
1735
1691
2681
1181
10
2943
2115
550
2827
692
1389
1145
3401
3978
3283
163
708
736
1452
3675
130
812
2852
2403
57
3538
2859
1504
1241
3982
3573
2437
3087
3396
1052
1505
3180
2809
1195
3571
2023
3357
1626
2824
631
2789
284
790
2322
749
2116
1910
3841
2794
260
3394
3202
2268
3440
1918
1032
3477
1577
2154
376
2498
3453
2443
1776
332
2453
2983
1527
273
1115
301
398
3426
94
2505
1559
1426
879
3679
916
2728
3569
650
1400
3927
3317
2031
1125
170
2944
2379
3722
2963
3346
2158
2122
1140
1751
2224
1529
2545
3005
2217
2971
3809
3996
2312
2912
1833
289
3497
1335
510
3562
2727
179
3293
2469
1673
235
3756
3825
3637
2567
1465
657
341
777
3735
3461
3312
1401
1190
893
3613
841
676
3811
3995
16
476
477
3572
656
1432
2880
900
436
3557
3014
2161
880
2132
3786
3931
513
2259
25
1246
1528
2598
1777
1276
2401
164
3567
186
3479
1560
1606
443
2396
3640
611
3191
3221
2171
3696
634
74
703
1542
3010
1279
1164
3273
938
1616
704
2849
3582
2042
1796
1935
3147
2409
2957
3249
3553
1784
3559
819
1211
1034
1220
3047
2326
844
1647
2277
3060
1024
1521
3852
1987
1688
3382
3144
2807
3496
1248
957
167
2429
1274
2635
3107
1930
3446
912
2888
1733
409
3649
3818
2734
2097
3324
3152
3439
1982
3884
2741
3434
176
2800
183
705
942
1367
406
3120
3371
1256
3563
3707
3275
3393
424
3172
802
2660
3093
415
2828
471
551
175
1215
507
2532
2001
3380
2887
2009
333
3082
2748
1615
2561
2215
3411
518
1482
1249
3003
2697
1216
2033
1642
3056
456
2524
3218
2294
2897
2335
2605
2045
3383
2258
3314
544
2367
292
892
2920
726
3512
382
3405
38
2175
2946
3454
1236
1111
3502
1705
1349
300
991
2210
6
40
241
1124
745
3691
1658
1859
775
3319
2093
3244
2006
1143
1579
2370
537
748
3853
72
2419
3231
2265
3213
182
3718
3417
2643
168
2078
2590
1169
2747
2937
229
2337
3444
663
2187
150
3333
2420
3603
1562
3733
2755
2053
2135
1268
1754
2131
3900
1436
3041
3876
2718
1617
1598
2010
3409
2588
1370
1437
2272
1497
146
1131
3026
2321
953
1857
3348
3216
3724
3739
2582
1515
1361
3257
3713
3287
2111
132
3631
3362
1107
944
2835
3413
2510
3917
3750
2554
2320
227
3524
3316
43
674
1087
3639
2795
2966
3100
3784
2905
123
1280
124
627
3843
1970
1128
2674
2077
2655
202
65
466
2754
1147
3775
1023
1929
3626
1884
1423
12
19
2659
3977
601
1961
837
217
1264
815
1109
3601
1327
1237
649
996
2065
472
1580
1644
2627
3042
3661
2193
625
3751
1971
2702
2599
3976
1926
747
3217
1300
1041
951
1523
1850
2252
2369
1154
2060
1757
2948
2746
2361
2235
1682
2927
2333
868
2192
3630
1304
2383
234
3979
1359
1222
1786
3214
1360
620
2012
1002
327
1176
1197
2626
1407
454
2503
2918
1137
696
970
1288
2767
1307
3455
420
1267
564
2716
1972
1317
92
430
655
405
882
3102
53
827
3065
401
22
448
2378
1575
3745
3223
3598
2415
2067
3086
3159
2973
474
1332
2218
3988
2113
303
3267
1480
1603
554
592
3420
3628
1127
528
2015
2540
245
1315
1650
1347
1717
2892
1696
2641
1653
3262
2226
1297
1189
3323
3135
365
30
2559
2189
3340
3300
3548
3859
698
806
2222
1964
3510
3071
3193
2526
2608
2246
2297
3445
2231
2234
3321
2395
672
810
1346
662
1873
1702
1102
3130
237
3684
322
3424
1681
889
1240
1472
2047
932
1535
3807
828
1071
1454
1213
3763
42
3035
2439
3520
3522
3075
2893
1314
1996
2007
2915
954
1755
3154
84
1727
3301
3755
2103
265
1912
2663
814
1558
697
1709
3708
1445
1453
1761
2507
1570
126
3114
1072
3932
1287
3934
2485
91
2607
3476
1769
381
3844
3672
1840
1715
2299
3450
2288
3654
2611
2682
1499
3322
2289
115
83
2183
793
1286
945
2573
192
3940
483
20
2928
877
752
1475
891
2919
2695
3835
2843
3356
1708
2914
1488
2525
2520
3928
3922
2482
2662
3096
2615
1687
3198
2152
3341
2694
135
1383
486
3686
737
1055
3508
1042
1539
3941
3000
1054
1151
539
3682
2394
3473
3028
576
2086
1949
3954
2348
1904
3663
426
563
2221
2309
1985
1999
3465
1291
3992
2562
3328
172
644
1601
2787
813
3600
3740
272
2686
2759
3645
2604
3463
890
3408
2351
2801
1155
3627
3235
1272
1707
963
1398
753
1244
3190
97
2587
2114
2991
4000
700
266
86
3030
1978
3183
3211
3166
694
2735
2461
350
1007
3186
1992
2148
1905
467
2945
534
2016
859
3255
2521
2978
2306
1668
3770
3973
1375
127
2690
3712
3899
2969
511
452
3879
3072
2654
3747
1787
677
1719
1621
1320
481
533
