1150
2458
2425
3699
1722
1842
1423
3830
526
125
855
1172
328
2444
713
1295
1234
2555
3985
1114
307
3230
2283
935
1636
1511
2263
3560
1673
1520
2261
3509
3805
778
907
2567
674
511
3047
1898
2976
1744
1122
2043
3705
2938
3526
456
2188
3991
2575
3686
1489
2929
3644
527
2233
3374
2130
2874
3595
2610
3737
405
2347
3643
1646
3153
2411
1694
2177
3456
1182
3716
2065
3204
1360
3479
2318
646
2241
2573
3851
363
1366
2787
145
2970
3377
2813
627
535
2486
3603
2515
3223
2362
1926
1096
1099
2825
3880
2392
1578
99
3656
1161
672
238
678
2533
3669
1057
436
1782
1309
597
1587
1984
2782
610
2418
3209
1614
2116
3448
369
2587
760
2806
80
1426
3617
2697
1651
3966
2920
1540
3357
924
375
3133
2242
2102
2436
921
1816
3307
3129
209
2740
3721
1666
3331
2741
3701
973
3765
1311
3664
3270
2695
3387
519
1887
3796
587
616
1136
699
3946
2871
2009
1378
3283
2354
613
669
3732
10
2835
739
3461
1302
791
2015
2524
3317
1184
3030
2326
2730
727
1486
771
24
2732
787
2466
857
1764
2060
889
1144
1361
2044
444
2083
1606
43
876
631
3894
3792
623
3087
2837
133
3368
326
1788
1414
2316
3458
3943
2706
3972
1873
153
3222
864
1298
401
3753
344
3017
1383
951
3236
152
2886
2942
3599
3393
2583
53
965
3336
1852
2303
1965
972
2377
3044
3443
17
1740
73
2818
3
3452
3297
189
3590
2866
3585
1212
358
492
1098
2888
65
867
2483
1908
910
2134
1835
3029
3836
424
180
2000
2547
2809
486
1336
3529
2754
3523
1031
2877
334
1929
1859
2512
1853
2833
287
820
1274
2227
15
413
3552
665
3865
3464
3570
688
294
3259
3766
3867
1100
2412
1807
1278
3290
1001
2181
2838
3932
2883
3540
2841
3511
3176
3103
1653
2840
2594
2785
2644
2880
1216
3174
306
3726
34
2403
1928
3073
2360
1036
2463
423
3164
1250
3396
1421
3098
184
795
687
2295
3866
3408
3008
728
2859
2363
3665
1632
3740
3113
3706
365
18
1474
556
1565
3183
2135
1888
463
3478
1977
2529
1190
3210
2532
3256
3294
3539
1058
235
1188
2062
2979
825
2682
1901
2605
68
2936
3330
1420
2829
2234
