1551
1336
3644
500
2240
1197
305
578
667
2312
53
316
1306
1065
2733
3474
3362
329
2295
430
2868
1696
1921
91
110
1273
640
2666
2624
1963
1548
2619
658
2048
2571
3039
2512
2763
2732
563
2126
752
3797
2151
3252
1533
1106
2065
3165
3803
3618
2970
3535
1084
482
463
2656
1724
1438
2460
105
1032
3090
3146
765
1070
2515
2822
3007
1458
796
1453
3211
3885
751
250
3255
3669
1362
3930
1540
2854
3758
2229
1187
1590
674
3148
260
506
2490
511
591
1434
2661
3034
2588
3123
3448
3241
3631
1130
1648
3238
1728
1542
313
993
1605
3769
3752
199
189
332
1290
242
2469
429
3276
3278
1766
3543
1029
1360
3314
1978
2528
3558
194
2576
984
901
1508
939
1898
356
376
1228
983
2305
2895
3751
2084
2338
107
775
531
2336
311
148
1924
268
572
3202
2543
1672
3916
2705
1346
1435
3962
1890
221
368
2316
2779
3519
1972
1918
262
2266
301
2292
1895
2878
1148
2359
214
457
1713
259
2965
2004
3978
2377
3726
3188
1952
1244
3480
2917
3889
129
718
784
31
403
764
2564
3569
1864
37
29
1157
1559
3985
716
173
2721
1272
2644
162
3187
493
3564
2424
1849
3684
3973
3489
1123
3547
942
3798
525
501
1366
395
1667
1664
1588
370
3917
2782
3981
3218
1798
3357
3389
2236
2625
2996
2589
3853
950
2958
1124
101
3728
2372
34
1282
227
2998
2491
709
1055
2522
1204
1550
2461
1815
3392
1703
696
3886
2380
1391
2335
2357
1118
973
528
1941
3596
3854
2654
3269
1232
2321
3971
771
1126
3124
1745
3977
617
3594
2780
3809
67
3627
3071
3286
3259
3570
774
725
1870
2735
703
3229
2025
1316
3365
2376
736
3061
3679
3086
1150
982
3196
727
3719
3044
3066
1816
1304
2074
1908
3264
1176
358
3946
137
1374
1287
2920
3773
3598
112
2754
2577
742
36
169
3498
2682
2943
992
653
2649
322
2673
3186
898
2328
3224
3858
2286
2278
2680
2599
2486
3230
1331
3511
85
151
2829
1163
1546
2781
330
2592
1716
783
2157
1278
3825
3482
3468
3652
3248
1074
3566
1802
3514
1973
3682
1379
1949
2131
1457
2738
226
3080
510
711
3052
869
3711
3328
202
2087
3938
1354
475
1021
577
3714
1087
3898
2503
3586
908
2403
721
507
256
2140
2016
3789
2950
3559
548
294
1966
79
2572
712
1288
1429
2047
3565
2882
1371
2605
817
108
224
582
2541
485
3410
1549
734
3145
3793
3263
3077
283
2176
3603
839
3520
1763
1395
1056
2428
2175
3874
2294
3414
3033
2932
3444
1132
3119
423
2078
3418
1598
1044
724
1108
2865
1400
524
1252
1746
3855
681
3429
222
2887
178
2759
1610
2689
1274
3993
3574
894
1353
3810
2056
1799
2834
867
143
941
745
1902
3025
1685
780
747
1911
676
149
3881
3355
487
1878
2762
1181
968
3738
2037
1066
918
1443
786
3770
1330
1503
155
3557
3998
3931
3356
1059
1722
2431
3808
1817
3027
1098
411
3082
1570
2137
1081
3747
2063
638
134
3680
3049
2818
943
209
2563
1083
2807
1463
2088
2245
757
2948
794
3994
1294
2497
2756
218
3942
2775
1169
3169
3626
1674
2243
3806
1618
3446
1513
1689
428
1715
1964
1142
2304
1873
3792
1627
3866
2587
2684
3783
3406
128
535
1365
685
1680
557
1871
2975
1119
1917
3767
845
55
892
1466
68
1186
280
3128
3104
902
1156
223
940
156
3309
1271
2578
3253
1095
3512
66
2629
421
3360
1541
46
1801
2291
2008
2584
2607
157
1883
3577
3380
2417
1951
1152
1036
1961
1526
1602
56
1946
3323
2827
2535
549
2650
3912
466
2186
3108
2925
2419
3541
1345
247
3553
3630
381
3350
3746
2066
598
15
2614
308
2160
3092
2075
7
1113
1469
3122
1517
3590
2348
1955
1612
546
2919
1934
1769
2984
2725
2159
2412
3704
3699
2214
879
1571
1659
1545
171
3194
2967
2015
3215
2172
2810
631
1774
2297
3516
958
2332
988
1076
1841
1034
2036
2053
3941
2146
1813
282
132
3991
3697
1556
2181
1013
607
3860
90
3303
3432
3602
1500
1267
670
480
2112
2714
3580
9
3623
597
1784
3505
346
518
1012
1596
2888
3724
1807
3567
111
2474
264
1072
585
919
1666
694
953
458
3445
1709
2215
2450
2501
3440
2755
1303
1953
1378
3220
3799
2953
1381
1776
2952
1410
2045
814
3247
3850
666
1886
3673
543
2794
1185
102
2853
562
150
1786
3078
2843
723
3509
3837
2546
1888
532
1785
135
1193
3133
1848
2072
1269
2470
1825
1439
2326
1747
2604
2148
3987
2494
161
1390
1718
1198
1780
3692
2489
2831
3722
1773
967
2455
3764
3436
2260
2026
3181
625
2817
3400
665
1299
2568
735
782
2537
2621
660
834
304
88
3493
2711
1507
3616
3037
2776
3225
253
1678
3607
2091
3399
1277
120
852
3054
1744
1633
2872
208
444
689
996
3022
3614
377
1037
1427
1903
1573
1779
2459
2918
3254
3842
476
1604
131
3213
3849
255
686
1723
1047
2086
857
1662
1504
406
2408
858
1414
1530
488
969
970
2824
456
622
2264
3823
2623
486
3087
3084
1792
1524
295
3851
3306
113
1417
1729
3690
3561
394
976
1954
434
3647
1046
2898
38
0
1875
846
1210
2703
94
3667
3831
407
2028
1189
2261
3295
2802
499
1315
2856
614
2793
864
1982
198
3018
333
881
2805
116
2924
1876
1207
1225
3467
3935
843
469
459
1073
3020
1445
292
671
254
416
2057
2284
749
1999
1684
1383
2657
1948
3494
1080
2615
2858
1115
1554
2855
1014
3121
2382
3024
2819
3014
3668
3327
2770
832
878
3805
806
3129
3339
743
3385
384
2085
3648
3325
3864
2850
5
573
3336
1617
391
596
1054
3749
3599
564
2341
1808
2509
1928
2803
3179
847
3268
3459
2502
2169
1216
2846
1190
176
905
2207
2652
2513
1950
3117
2997
924
63
2983
1891
1364
127
3019
3721
220
2602
3882
1064
2836
1296
23
1196
3600
1939
1234
3960
2204
3370
50
2076
3980
3221
336
2507
2477
3572
2664
3925
1363
13
981
353
99
997
1499
2164
3840
19
3989
3483
103
266
190
3927
3075
2987
1101
2220
1804
753
1320
170
641
3396
2640
1342
1426
2930
1575
3059
3709
627
3304
1589
2401
3988
3856
897
3281
275
2339
1441
345
3239
293
3762
2174
3954
1821
3364
3676
3366
2702
1497
3901
1485
3597
1927
1001
1721
2012
234
1448
1673
2318
1386
2990
453
2999
1412
3695
3515
1777
1957
2978
1930
1765
2400
1261
1756
1212
1771
1194
3287
449
818
3284
1787
3073
2966
471
872
1712
2471
3420
645
1834
1286
2283
882
2642
3168
1033
2742
2533
3705
2117
1992
3079
3348
168
840
3963
1525
3660
1351
2527
3664
623
1393
1447
341
1528
3208
545
951
2054
1960
2187
550
69
1879
1134
3750
272
1099
2938
802
2565
1292
1270
2913
2367
3299
1853
2622
3472
652
3006
1424
539
3859
3478
399
2792
639
3167
544
340
866
2931
876
787
836
2894
3031
594
793
1406
3525
821
1706
2272
3195
3694
1651
779
3227
2505
2706
1489
556
3214
3352
1332
3369
3829
1276
1350
862
2554
1370
3442
245
2559
3622
2863
1020
369
1793
1859
2639
1585
1931
1969
795
2743
2630
523
2757
1217
408
661
1060
2334
698
2206
2637
3969
2439
4000
1416
2404
2416
559
2227
1404
3801
303
2633
2839
3004
1343
1475
1837
3915
3700
2493
998
3776
205
1409
900
2707
3424
1637
335
2200
2548
1620
1141
2394
1052
1515
342
3817
2746
1694
404
3237
2201
612
3710
212
3017
1520
1373
1511
447
297
2718
1565
1494
77
467
3686
3487
1856
3236
3404
1356
1135
445
2246
2485
1236
1606
279
3383
1464
952
3096
58
576
2234
3821
2852
1977
3551
2195
12
454
402
3367
2555
2971
522
119
938
2600
39
1319
1160
2224
210
2033
1690
3368
601
1116
379
2193
462
1048
2473
3387
3452
3529
2789
2314
655
1687
1297
579
3141
1479
1442
1506
1329
2552
81
3308
808
3055
2100
3827
2573
3932
2677
2795
3687
633
3907
3242
158
1237
538
2847
2585
1534
2960
2235
3604
2429
2698
2422
1131
1959
2760
2248
1251
3091
521
3166
1943
1405
1579
1480
2060
2128
3913
2773
776
1599
374
2124
2478
692
2955
2457
904
1201
1623
3683
702
2018
3173
2049
2951
3358
344
3775
618
1683
2476
856
2744
1264
748
229
1138
1423
3914
3297
699
2903
1611
608
3126
509
3198
1313
3863
1215
1726
174
2093
3134
14
3717
3109
1858
3530
2926
726
3873
6
2325
225
1361
2947
3869
825
519
1981
2547
1280
3745
1172
1926
235
233
1219
3257
2108
1852
3454
677
3
1984
2302
437
3495
3575
3641
3933
2145
3038
2020
2191
2874
2900
1831
1450
844
3923
1874
3433
1677
3412
1748
2331
3277
571
3045
804
3650
1995
422
3921
931
2729
2323
2438
1920
1462
2821
2156
2435
2516
3397
3372
3510
624
2038
2179
1828
1537
2340
3471
833
3301
863
1105
2936
337
3403
1283
1910
1734
2022
2442
2039
3232
1803
957
3706
2506
822
