1929
109
1409
3388
1954
284
2156
577
3053
2378
1042
3010
994
206
3357
3099
3164
2108
949
3011
2474
1109
1529
1076
899
588
713
3464
2484
1837
1303
2464
2601
2848
3133
613
2909
1623
2479
1228
2115
3717
122
3474
199
3561
580
2359
3535
1871
765
3091
1070
2229
1312
3774
3458
2473
965
2895
3642
2365
1960
1146
3259
2642
1325
87
1611
1155
2406
209
2104
1795
2268
2066
3728
3250
270
2481
2259
1920
1446
604
663
1361
121
13
634
1658
1181
355
3398
272
3339
1870
972
3130
632
2698
3279
2514
3185
1368
310
2209
2455
1753
419
1930
89
2419
1132
3695
3524
1903
2049
1030
1778
3453
2172
803
3492
2675
2458
3578
3970
1503
3452
2313
1061
734
2324
0
2257
793
3689
2532
3931
3101
1096
1486
2973
1011
2966
3440
1262
3191
32
1550
2434
3175
183
3983
3227
1369
2652
335
2007
3382
810
2738
2566
2854
2053
1905
873
1787
2389
2075
575
2256
2355
1032
3825
1331
3246
217
3813
2362
200
821
1662
2858
150
2494
2589
1547
3577
1781
2793
2420
2792
3138
1244
1352
3877
2056
995
2618
290
246
342
1348
2790
274
2022
2070
532
52
1946
2870
1294
1175
701
1553
3919
1826
2364
3554
2994
2716
3966
3509
3193
146
769
426
2591
277
2098
630
496
1750
2429
1135
1809
38
2064
2964
7
3079
134
3703
892
446
1151
1397
689
202
2331
834
3635
1451
3733
971
3292
639
318
3134
715
1444
149
1046
1578
2225
2462
1991
1659
2393
349
3518
1860
177
2202
1524
1443
3631
3878
922
1380
1215
3776
1320
1906
2573
2571
3871
553
3256
1439
127
3118
3309
1177
485
301
3254
1682
2011
1673
221
3691
1134
2329
2818
568
1302
1501
1178
3854
1024
2197
2668
3275
857
2731
2520
558
440
2240
360
2290
1339
3278
2082
3261
3745
980
2902
1791
2947
2647
2286
2252
1749
3238
3997
3196
48
2725
323
1221
2764
1467
498
2140
3242
3912
1477
3721
392
1172
356
650
3886
3692
529
1319
302
1193
1311
491
1861
1536
1274
1913
2752
640
3986
2555
2013
1589
3550
2545
396
2961
1952
2779
991
2720
2402
57
3985
72
2781
1035
1203
1984
2677
10
2009
1324
3046
1336
888
3994
2950
185
3446
1703
1962
1797
1406
2842
3634
59
1472
2674
152
3051
2099
877
3528
1388
1314
3752
2143
3277
17
3584
46
403
1841
2857
573
3436
1909
1643
2529
3197
1158
265
1060
2454
2525
73
682
2516
2761
1053
2333
3693
139
390
3480
2167
1342
1239
2373
788
24
2035
1054
3644
1007
676
3358
2910
3289
344
2622
2903
1357
3400
3640
807
223
380
783
3231
3310
3171
3669
1097
583
2788
712
3748
1014
2353
2163
3507
1152
3043
932
1265
1850
1812
414
849
197
1561
2991
1463
3248
2060
1374
1668
2467
2892
1539
1757
3975
3470
3186
1387
427
2871
2787
2572
1620
2264
3616
856
1938
297
3243
2988
191
3747
752
1854
1808
44
1829
3880
248
2052
3499
1785
3949
1040
3542
1628
1293
1196
1112
3781
3338
3045
1465
2570
2658
425
1820
2732
3087
2689
1718
3960
858
1022
1519
1277
228
1124
3582
2943
1770
1731
51
3789
3573
3395
844
3585
331
2113
153
1321
979
3460
2144
802
3478
170
1887
1582
2972
1816
3247
2204
3423
3603
36
3092
3803
1933
2101
492
1251
3184
502
1364
3943
2938
3120
615
1876
724
2245
1951
845
2883
3579
3490
570
1869
3697
1027
1562
2507
3125
2146
2745
3102
2912
1600
1614
2661
1743
291
2344
3992
320
2193
2041
684
2446
945
2239
436
2646
2138
662
2845
2620
3762
1634
3424
1291
1223
3922
3262
608
1360
90
869
923
776
2358
1817
3234
1286
2660
3964
3510
2177
1010
264
3345
339
1874
3551
3955
226
981
1354
1496
3508
2704
993
1958
2809
2691
2027
2763
2386
878
1417
2929
598
3012
289
1734
2339
2855
1250
852
3343
817
1299
1338
1564
1825
3913
1025
1900
707
1669
484
1426
3281
1476
3672
14
3397
2002
772
3793
622
1748
1831
77
1635
314
1327
2102
1981
3378
1990
2715
1543
1563
2350
1026
494
3865
992
1945
3002
629
352
259
3683
3900
1258
774
1667
3956
124
3032
3741
535
2606
3876
2615
159
1407
2778
3213
3438
3817
1726
3804
2410
1382
1105
766
2665
1491
2044
3159
1675
897
2978
2431
1107
387
98
1586
30
2535
561
1577
1006
3811
2442
2534
216
780
3205
2563
2006
1811
2284
2345
114
921
3347
976
1313
3944
825
1689
1065
3735
2756
3557
