15
2060
51
1710
3502
1034
2173
1894
3215
2253
1492
312
2466
1041
473
2152
1211
3394
3167
1433
865
389
2710
786
3430
2610
1029
1378
1399
3350
2537
658
1127
276
1996
996
1582
3211
2438
10
2088
727
2367
3283
1457
265
2211
1882
2624
1140
537
3385
3610
2003
1310
386
1057
1527
426
1745
2911
2637
2973
3777
1899
1785
189
3696
2458
2775
2225
1649
1569
753
117
1052
3581
110
220
3650
3663
1106
1827
973
1629
1133
2208
2016
2880
3422
1544
800
3368
326
1372
2692
2741
3844
813
2914
3868
2386
408
3931
1871
409
3392
194
3194
2002
1923
3181
2859
145
2106
3520
2440
62
3626
2949
844
111
848
3748
3645
176
3961
593
1462
1598
3158
3331
3590
1812
670
1252
1572
3372
3310
3927
1465
1524
232
1384
3234
539
958
2679
313
2283
3744
116
2201
2100
1788
650
1579
3450
2337
3616
2134
2876
1849
3441
96
2254
1336
3028
1873
794
3105
27
911
2529
1658
2938
666
534
3614
2584
2981
2790
2693
2207
2612
2552
3680
2987
221
2773
2291
2470
1922
3075
1441
934
172
1942
745
3180
1347
3475
2853
592
3153
1455
1886
1304
3418
3885
1171
1245
1317
214
664
2442
1287
2402
1526
1099
1619
1286
3621
1228
3340
3135
3309
1484
1864
645
1431
2839
139
3046
2156
712
1055
3027
1872
2056
1742
2484
2235
158
1342
1361
1648
2652
1952
637
625
1421
206
413
3316
1858
651
755
3894
2685
1766
1674
3443
432
150
2485
868
2138
3654
2508
2318
3864
3554
1568
853
3721
3600
3224
2058
3493
767
2471
3887
851
3175
2412
92
3055
1728
3559
2629
2556
1612
3781
18
2883
3890
702
532
3341
2357
2663
662
2019
3770
2765
3898
3035
2083
2889
303
1217
3472
1749
3004
143
2941
2269
2405
3399
709
3459
1477
2364
2107
1423
3658
1094
3495
3465
2355
1409
93
2611
640
1660
57
1547
3765
860
2033
2063
1424
1611
808
3835
3914
3768
1983
157
1654
1343
855
2153
1318
3549
1093
3065
3852
3569
3253
208
607
742
3203
1725
1326
1482
1992
2977
638
493
3602
3896
106
292
1753
355
2230
2986
2266
13
2065
2504
1388
3566
2798
3268
3259
2820
1510
2830
1364
3366
1925
1155
2569
2568
3248
3070
